,id,question,A,B,C,D,answer,explanation,model_output,correctness
0,0,有下列 5 种物质：①$C_2H_4$ 和 $H_2$，②$H_2$ 和 $Cl_2$，③$CH_4$ 和 $Cl_2$，④Agl，⑤浓 $HNO_3$。在光照下能发生反应的是____,①②③④,②③④⑤,①③④⑤,①②④⑤,,,"## 解析：

$C_2H_4$ 和 $H_2$ 在光照下不反应，$H_2$ 和 $Cl_2$ 在光照下反应生成 HCl，$CH_4$ 和 $Cl_2$ 在光照下发生取代反应，AgI 在光照下分解生成 Ag 和 $I_2$，浓 $HNO_3$ 见光分解，故选 B。

B

## 最终答案：

\(\boxed{B}\)",0
1,1,钙是人体必需的常量元素，成年人每天需要800毫克的钙，下列补钙的途径不正确的是____,经常晒太阳,经常饮用钙离子含量高的硬水,经常饮用牛奶、豆奶,大量补充维生素D,,,"## 解析：

A. 经常晒太阳有利于促进人体对钙的吸收，故A正确；

B. 经常饮用钙离子含量高的硬水，不能补钙，且喝时间长了容易得肾结石，故B错误；

C. 牛奶、豆奶中含有钙，经常饮用牛奶、豆奶有利于补钙，故C正确；

D. 适量补充维生素D，维生素D有利于促进人体对钙的吸收，但大量补充对身体无意，故D错误；

综上所述，选项B和D不正确。

## 最终答案：

\(\boxed{B,D}\)",0
2,2,"KCl、$MgCl_2$、$Mg(NO_3)_2$形成的混合溶液中$c(K^{+})=0.10mol\cdot L^{-1},c(M g^{2+})=0.25mol\cdot L^{-1}$，$c(Cl^-) = 0.20 mol \cdot L^{-1}$，则$c(NO_3^-)$为____",$0.15mol\cdot\text{L}^{-1}$,$0.10mol\cdot\text{L}^{-1}$,$0.25mol\cdot\text{L}^{-1}$,$0.40mol\cdot\text{L}^{-1}$,,,"D
解析：
根据溶液中阴阳离子所带的正负电荷总数相等，则有：
\[ c(K^{+}) + 2c(Mg^{2+}) = c(Cl^{-}) + c(NO_3^{-}) \]
代入已知条件：
\[ 0.10 \, \text{mol} \cdot L^{-1} + 2 \times 0.25 \, \text{mol} \cdot L^{-1} = 0.20 \, \text{mol} \cdot L^{-1} + c(NO_3^{-}) \]
解得：
\[ c(NO_3^{-}) = 0.40 \, \text{mol} \cdot L^{-1} \]

## 最终答案：

\\(\boxed{D}\\)",0
3,3,常温常压下，某烧碱溶液与0.05mol氯气恰好完全反应，得到pH=9的混合溶液(溶质为NaC1与NaC1O)。下列说法正确的是($N_A$代表阿伏加德罗常数)：____,氯气的体积为1.12L,原烧碱溶液中含溶质离子0.2$N_A$,所得溶液中含$OH^-$的数目为$1×10^{-5}N_A$,所得溶液中$ClO^-$的数目为0.05$N_A$,,,"## 解析：

A. 常温常压下，气体摩尔体积大于22.4L/mol，因此0.05mol氯气的体积大于1.12L，故A错误；

B. 由题意知，溶液中的溶质为NaCl与NaClO。根据钠离子守恒，原烧碱溶液中含溶质离子为0.1mol，即\(0.1N_A\)，故B错误；

C. 由于溶液体积未知，无法直接计算\(OH^-\)的数目，故C错误；

D. 由于\(ClO^-\)水解导致其数目减少，因此所得溶液中\(ClO^-\)的数目小于0.05\(N_A\)，故D错误。

## 最终答案：

\\(\boxed{\text{D}}\\)",0
4,4,"澳大利亚研究人员最近开发出被称为第五形态的固体碳，这种新的碳结构称作“纳米泡沫”, 他外形类似海绵，比重极小，并具有磁性。纳米泡沫碳与金刚石的关系是____",同系物,同分异构体,同位素,同素异形体,,,"## 解析：

本题考查基本概念，明确这几个概念的区别是解本题的关键，注意这几个概念的对象，同位素的对象是原子，同素异形体的对象是单质，难度较易。

- A. 结构相似，在分子组成上相差一个或若干个\(\text{CH}_2\)原子团的物质互称为同系物，同系物必须是化合物，而纳米泡沫碳与金刚石都是碳的单质，故A错误；
- B. 同分异构体是指具有相同分子式但结构不同的化合物，而纳米泡沫碳与金刚石都是碳的单质，故B错误；
- C. 同位素的对象是原子，而纳米泡沫碳与金刚石都是碳的单质，故C错误；
- D. 同素异形体是指由同种元素组成的不同单质，纳米泡沫碳与金刚石都是碳的不同单质，属于同素异形体，故D正确。

## 最终答案：

\(\boxed{D}\)",0
5,5,"氯气和二氧化硫都用于物质的漂白。将等物质的量的$SO_2$和$Cl_2$混合后的气体溶解于适量的蒸馏水中，再滴入含有品红和$Ba(NO_3)_2$的混合溶液，则实验现象是____
 ①品红溶液很快褪色 ②品红溶液不褪色 ③有白色沉淀生成 ④溶液仍然透明",仅①和④,仅①和③,仅②和③,仅②和④,,,"## 解析：

本题考查氯气和二氧化硫的反应，明确二者发生反应及生成物的性质是解题的关键，题目难度不大。等物质的量的 \(\text{SO}_2\) 和 \(\text{Cl}_2\) 混合后的气体溶解于适量的蒸馏水中，发生：\(\text{SO}_2 + \text{Cl}_2 + 2\text{H}_2\text{O} = 2\text{HCl} + \text{H}_2\text{SO}_4\)，生成的盐酸和硫酸都不具有漂白性，所以不能使品红溶液褪色；硫酸与硝酸钡反应生成硫酸钡沉淀，所以会产生白色沉淀。故选 C。

## 最终答案：

\(\boxed{\text{C}}\)",0
6,6,$N_A$为阿伏加德罗常数的值，下列说法正确的是____,常温常压下，48克$O_3$和48克$O_2$含有氧原子数均为3$N_A$,1.8克的$NH^+$离子中含有的电子数为0.1NA,11.2L氧气中所含有的原子数目为$N_A$,标准状况下，1L水所含有的原子数目为1/22.4 $N_A$,,,"## 解析：

A. 正确，常温常压下，48克$O_3$和48克$O_2$含有氧原子数均为3$N_A$；

B. 不正确，1.8克的$NH^+$离子中含有的电子数为0.1$N_A$，1.8克$NH^+$离子是0.1mol, 1个$NH^+$离子含有10个电子，因此1.8克$NH^+$离子含有电子数为1$N_A$；

C. 不正确，11.2L氧气中所含有的原子数目为$N_A$，没有指明是在标准状况下；

D. 不正确，标准状况下，1L水所含有的原子数目不是1/22.4 $N_A$，因为水的密度不是1g/mL；

综上所述，正确答案为A。

## 最终答案：

\\(\boxed{A}\\)",0
7,7,$N_A$为阿伏加德罗常数的值，下列说法正确的是____,在常温常压下，11.2$LN_2$所含有的原子数目为$N_A$,"N_A$活泼金属从盐酸中置换出1mol $H_2$,电子转移的数目为$N_A$","500mL0.5 mol/L的硫酸铝溶液中,硫酸根离子的浓度为1.5 mol/L",1.7克氨气所含有的电子数目为10 $N_A$,,,"## 解析：

A. 在常温常压下，11.2$L \, \text{N}_2$所含有的分子数目为$\frac{11.2 \, \text{L}}{22.4 \, \text{L/mol}} \times N_A = 0.5 N_A$，因此该选项描述不准确。

B. 活泼金属从盐酸中置换出1 mol $H_2$，电子转移的数目为$2 N_A$，因为每个氢气分子的生成需要2个电子，故该选项描述不正确。

C. 500 mL 0.5 mol/L 的硫酸铝溶液中，硫酸根离子的浓度为$0.5 \, \text{mol/L} \times 3 = 1.5 \, \text{mol/L}$，这是正确的。

D. 1.7 g 氨气的物质的量为$\frac{1.7 \, \text{g}}{17 \, \text{g/mol}} = 0.1 \, \text{mol}$，每个氨气分子含有10个电子，因此所含有的电子数目为$0.1 \, \text{mol} \times 10 \times N_A = 1 N_A$，故该选项描述不正确。

综上所述，正确选项为C。

## 最终答案：

\(\boxed{\text{C}}\)",0
8,8,下列实验方法或实验叙述正确的是____,将PH试纸直接放入某溶液中，测定溶液的PH值,某溶液加氯化钡溶液有白色沉淀生成，说明原溶液中一定有$SO_4^{2-}$,过滤操作时，漏斗下部的尖嘴不能紧靠烧杯的内壁,配制100 mL1 mol/L碳酸钠溶液时，需10.6克碳酸钠固体,,,"D
## 解析：

A、使用pH试纸测定溶液pH值时，正确的操作是取一小块pH试纸置于表面皿中，用玻璃棒蘸取少量待测液，点在pH试纸上，再与标准比色卡对照。若pH试纸直接放入溶液中，可能会污染待测液，因此此选项错误。

B、向某溶液中加入氯化钡溶液，若生成白色沉淀，该沉淀可能是\(\text{AgCl}\)或\(\text{BaSO}_4\)。为了准确判断溶液中是否含有\(\text{SO}_4^{2-}\)，应先加盐酸，若无沉淀生成，再加氯化钡溶液，以排除\(\text{AgCl}\)沉淀的干扰。因此，此选项的判断方法不正确，错误。

C、在过滤操作中，漏斗下端的管口要紧靠烧杯内壁，以防止液体飞溅，故此选项描述的操作有误，错误。

D、配制100 mL 1 mol/L的碳酸钠溶液时，所需碳酸钠的质量计算如下：
\[ m = C \times V \times M = 1 \, \text{mol/L} \times 0.1 \, \text{L} \times 106 \, \text{g/mol} = 10.6 \, \text{g} \]
因此，此选项正确。

## 最终答案：

\(\boxed{D}\)",0
9,9,只用食盐、食醋、纯碱三种家庭厨房中的常见物质，无法完成的实验是____,检验鸡蛋壳能否溶于酸,鉴别食盐和纯碱,检验自来水中是否含氯离子,除去热水瓶中的水垢,,,"## 解析：

使用食盐、食醋、纯碱三种家庭厨房中的常见物质，可以完成多种实验，但无法完成的实验是检验自来水中是否含氯离子。具体分析如下：

- 选项A：检验鸡蛋壳能否溶于酸。鸡蛋壳的主要成分是碳酸钙（\(\text{CaCO}_3\)），食醋中的主要成分是醋酸（\(\text{CH}_3\text{COOH}\)）。将食醋滴加到鸡蛋壳上，如果鸡蛋壳能够溶解并产生气泡，说明鸡蛋壳能溶于酸，因此此实验可以完成。

- 选项B：鉴别食盐和纯碱。食盐的主要成分是氯化钠（\(\text{NaCl}\)），纯碱的主要成分是碳酸钠（\(\text{Na}_2\text{CO}_3\)）。食醋与碳酸钠反应会产生二氧化碳气体（\(\text{CO}_2\)），而与氯化钠不反应，因此可以通过食醋来鉴别食盐和纯碱，此实验可以完成。

- 选项C：检验自来水中是否含氯离子。氯化钠溶液中含有氯离子（\(\text{Cl}^-\)），但仅使用食盐、食醋、纯碱三种物质无法直接检测出氯离子，因为食醋中的醋酸与氯离子不会发生明显的化学反应，因此此实验无法完成。

- 选项D：除去热水瓶中的水垢。热水瓶中的水垢主要成分是碳酸钙（\(\text{CaCO}_3\)），食醋中的醋酸可以与碳酸钙反应，生成可溶性的醋酸钙、水和二氧化碳，从而去除水垢，此实验可以完成。

综上所述，无法完成的实验是检验自来水中是否含氯离子，即选项C。

## 最终答案：

\(\boxed{C}\)",0
10,10,很多化学物质名称中含有“水”，“水”通常有三种含义：①表示水这种物质；②表示水溶液；③表示物质处于液态。下列物质名称中的“水”不属于以上三种含义的是____,水晶,水银,溴水,重水,,,"## 解析：

水晶的主要成分是二氧化硅 \(\text{SiO}_2\)，并非水，因此选项A正确。水银是汞 \(\text{Hg}\) 的俗称，与水无关，因此选项B正确。溴水是溴 \(\text{Br}_2\) 的水溶液，符合上述三种含义中的之一，故选项C不正确。重水是 \(\text{D}_2\text{O}\)，其中含有重氢 \(\text{D}\)（即氘），虽然也涉及“水”的形式，但不符合题目中指出的“水”的三种常见含义，因此选项D正确。本题主要考查化学中的“水”的相关知识。

## 最终答案：

\(\boxed{A,B,D}\)",0
11,11,下列反应不属于氧化还原反应的是____,$Al(OH)_3+3HCl=AlCl_3+3H_2O$,$3Fe+4H_2O(g)=Fe_3O_4+4H_2$,$3NO_2+H_2O=2HNO_3+NO$,$Cl_2+H_2O=HCl+HClO$,,,"## 解析：

A项中，反应为 \(\text{Al(OH)}_3 + 3\text{HCl} = \text{AlCl}_3 + 3\text{H}_2\text{O}\)。在这个反应中，各元素的化合价没有发生变化，因此不属于氧化还原反应。反应前没有单质参与，不属于置换反应。

B项中，反应为 \(3\text{Fe} + 4\text{H}_2\text{O(g)} = \text{Fe}_3\text{O}_4 + 4\text{H}_2\)。反应前后，铁 (\(\text{Fe}\)) 和氢 (\(\text{H}\)) 元素的化合价发生了变化，因此属于氧化还原反应，且反应物中包含单质，也属于置换反应。

C项中，反应为 \(3\text{NO}_2 + \text{H}_2\text{O} = 2\text{HNO}_3 + \text{NO}\)。反应前后，氮 (\(\text{N}\)) 和氧 (\(\text{O}\)) 元素的化合价发生了变化，因此属于氧化还原反应，且反应物中没有单质，不属于置换反应。

D项中，反应为 \(\text{Cl}_2 + \text{H}_2\text{O} = \text{HCl} + \text{HClO}\)。反应前后，氯 (\(\text{Cl}\)) 元素的化合价发生了变化，因此属于氧化还原反应，且反应物中没有单质，不属于置换反应。

综上所述，选项A中的反应不属于氧化还原反应。

## 最终答案：

\(\boxed{A}\)",0
12,12,相同浓度的溶液：$Na_2CO_3$、$NaAlO_2$、$Na_2SiO_3$、$Na_2SO_4$，可用下列一种试剂在常温下鉴别的是____,$BaCl_2$溶液,稀$H_2SO_4$,$CO_2$气体,$AgNO_3$溶液,,,"## 解析：

本题考查物质的鉴别，题目难度不大，注意把握性质的异同，为该题的关键，学习中注意相关知识的积累。

A. $\text{Na}_2\text{CO}_3$、$\text{Na}_2\text{SiO}_3$、$\text{Na}_2\text{SO}_4$ 与 $\text{BaCl}_2$ 溶液反应均生成白色沉淀，现象相同，不能鉴别，故 A 错误；

B. $\text{Na}_2\text{CO}_3$、$\text{NaAlO}_2$、$\text{Na}_2\text{SiO}_3$、$\text{Na}_2\text{SO}_4$ 分别与硫酸反应的现象为：无色无味气体、先生成白色沉淀后沉淀消失、白色沉淀、无现象，现象不同，可鉴别，故 B 正确；

C. $\text{Na}_2\text{CO}_3$、$\text{NaAlO}_2$、$\text{Na}_2\text{SiO}_3$ 均与二氧化碳气体反应，但 $\text{Na}_2\text{CO}_3$ 与 $\text{CO}_2$ 气体反应生成 $\text{NaHCO}_3$，无现象，现象相同，不能鉴别，故 C 错误；

D. 四种物质与 $\text{AgNO}_3$ 溶液反应，均生成白色沉淀，现象相同，不能鉴别，故 D 错误。

## 最终答案：

\(\boxed{B}\)",0
13,13,已知固体M只可能是$Na_2SO_3$、$Na_2SiO_3$、$Na_2SO_4$中的一种。若取少量固体M配成稀溶液进行有关实验，下列说法不正确的是：____,只用盐酸一种试剂就可以确定该固体M的具体成分,往溶液中通入二氧化碳，若有白色沉淀，则固体M为$Na_2SiO_3$,用pH试纸检验，若pH=7，则固体M一定是$Na_2SO_4$,往溶液中加入稀硝酸酸化的$BaCl_2$，若有白色沉淀，则固体M为$Na_2SO_4$,,,"## 解析：

A. 与盐酸反应生成刺激性气味的气体的是$Na_2SO_3$，和盐酸反应生成白色沉淀的是$Na_2SiO_3$，无明显现象的是$Na_2SO_4$，故A正确；

B. $Na_2SiO_3$溶液中通入二氧化碳，会出现白色沉淀，$Na_2SO_3$、$Na_2SO_4$与二氧化碳不反应，故B正确；

C. $Na_2SO_3$、$Na_2SiO_3$水解显碱性，$pH>7$，$Na_2SO_4$不水解，$pH=7$，故C正确；

D. $Na_2SO_3$与稀硝酸发生氧化还原反应生成$Na_2SO_4$，因此向$Na_2SO_3$溶液中加入稀硝酸酸化的$BaCl_2$，也会有白色沉淀生成，故D错误。

本题考查钠的化合物的性质，掌握基础知识是解题的关键。

## 最终答案：

\(\boxed{D}\)",0
14,14,在水溶液中能够大量共存的离子组是____,$Na^+，Ca^{2+}，HCO_3^-，OH^-$,$K^+，NH_4^{+}，S^{2-}，OH^{-}$,$Mg^{2+}，K^+，HSO_3^-，H^+$,$K^+，Na^+，NO_3^-，CO_3^{2-}$,,,"## 解析：

A. 钙离子 \(\text{Ca}^{2+}\) 与碳酸氢根离子 \(\text{HCO}_3^-\)、氢氧根离子 \(\text{OH}^-\) 生成碳酸钙沉淀、碳酸氢钙，因此不能共存，故 A 选项错误；

B. 铵根离子 \(\text{NH}_4^+\) 与氢氧根离子 \(\text{OH}^-\) 生成一水合氨，因此不能共存，故 B 选项错误；

C. 氢离子 \(\text{H}^+\) 与亚硫酸氢根离子 \(\text{HSO}_3^-\) 生成二氧化硫和水，因此不能共存，故 C 选项错误；

D. 钾离子 \(\text{K}^+\)、钠离子 \(\text{Na}^+\)、硝酸根离子 \(\text{NO}_3^-\)、碳酸根离子 \(\text{CO}_3^{2-}\) 之间不反应，因此能够大量共存，故 D 选项正确。

本题考查离子的共存问题，题目难度不大，明确常见离子的性质及离子之间发生的反应为关键，注意掌握离子共存的条件，试题培养了学生的灵活应用能力。

## 最终答案：

\(\boxed{D}\)",0
15,15,NO和CO都是汽车尾气里出有害物质，它们能缓慢起反应，生成氮气和二氧化碳，对此反应，下列叙述正确的是____,使用催化剂不改变反应速率,降低压强能加大反应速率,升高温度能加快反应速率,改变压强对反应速率无影响。,,,"## 解析：

A．使用适当的催化剂能改变反应速率，故A错误；B．对于气相反应，降低压强不能加大反应速率，故B错误；C．对于任何反应，升高温度化学反应速率加快，故C正确；D．对于气相反应，压强对化学反应速率造成影响，故D错误；故选：C。根据影响化学反应速率的因素：加入催化剂、升高温度、增大压强（气相反应）、增大物质的浓度（固体除外）均能加快反应速率来回答。本题考查影响化学反应速率的因素，可以根据所学知识进行回答，难度不大。

## 最终答案：

\(\boxed{\text{C}}\)",0
16,16,$SO_2$不具有的性质是____,碱性,还原性,氧化性,漂白性,,,"## 解析：

二氧化硫（\(\text{SO}_2\)）溶于水生成亚硫酸（\(\text{H}_2\text{SO}_3\)），亚硫酸电离出氢离子（\(\text{H}^+\)），溶液显酸性，因此选项A正确；二氧化硫中硫元素的化合价为+4，可以升高，表现还原性，故选项B错误；二氧化硫中硫元素的化合价为+4，可以降低，表现氧化性，故选项C错误；二氧化硫能与有色物质反应生成无色物质，表现出漂白性，故选项D错误。因此，正确答案是A。

## 最终答案：

\(\boxed{\text{A}}\)",0
17,17,下列有关有机物的说法不正确的是____,二氯甲烷只有1种结构说明甲烷是正四面结构,乙烯分子中的所有原子共平面,凡是符合通式$C_nH_{2n+2}$的化合物一定是烷烃,凡是分子组成相差一个或若干个“$CH_2$”原子团的物质，一定互为同系物,,,"## 解析：

A、二氯甲烷是四面体结构，因此二氯甲烷只有1种结构说明甲烷是正四面结构，故A正确；

B、乙烯分子中的所有原子共平面，故B正确；

C、凡是符合通式\(C_nH_{2n+2}\)的化合物一定是烷烃，故C正确；

D、同系物的前提是结构相似，而分子组成相差一个或若干个“\(CH_2\)”原子团的物质，结构不一定相似，故D错误。

本题考查的是有机物的结构知识，难度不大，属于课本基础知识的考查，掌握好甲烷的结构、乙烯的共面结构、烷烃的通式及同系物的概念即可。

## 最终答案：

\(\boxed{D}\)",0
18,18,室温下，将PH分别为12和2、体积相等的氨水和盐酸两种溶液混合后所得溶液的酸碱性判断正确的是____,混合后溶液呈酸性,混合后溶液呈碱性,混合后溶液呈中性,无法确定,,,"## 解析：

氨水是弱碱，在溶液中部分电离，氯化氢是强电解质，所以在pH等于2的盐酸的物质的量浓度小于pH等于12的氨水。当二者等体积混合时，氨水过量，溶液显示碱性，答案选B。

B

## 最终答案：

\(\boxed{B}\)",0
19,19,当今化学界关注的热点之一的$C_{60}$，它可以看成是金刚石的____,同一种物质,同分异构体,同位素,同素异形体,,,"## 解析：

金刚石和$C_{60}$是单质，且都是由碳元素构成的，因此它们是同素异形体。因此，正确答案是D。本题考查的是同素异形体的判断，属于概念型题目，难度不大。

## 最终答案：

\(\boxed{D}\)",0
20,20,硅单质及其化合物在材料领域一直扮演重要角色。下列叙述中，不正确的是____,石英可用来制作工艺品,硅单质可以用来制造太阳能电池,硅单质是制造玻璃的主要原料,二氧化硅是制造光导纤维的材料,,,"## 解析：

考查硅及其化合物的用途。石英的成分为\(\text{SiO}_2\)，可用来制作工艺品，选项A正确；硅单质可以用来制造太阳能电池，选项B正确；制造玻璃的主要原料是纯碱、石灰石和石英砂，而不是硅单质，选项C不正确；光导纤维的主要成分是\(\text{SiO}_2\)，选项D正确。

## 最终答案：

\(\boxed{C}\)",0
21,21,把500mL $NH_4HCO_3$和$Na_2CO_3$的混合溶液分成五等份，取一份加入含a mol氢氧化钠的溶液恰好反应完全，另取一份加入含b mol HCl的盐酸恰好反应完全，则该混合溶液中c($Na^+$)为：____,$(\frac{b}{10}-\frac{a}{20}) mol \cdot L^{-1}$,$(2b-a) mol \cdot L^{-1}$,$(5b-\frac{5a}{2}) mol \cdot L^{-1}$,$(10b-5a) mol \cdot L^{-1}$,,,A,0
22,22,有机物中的烃是____,含有碳元素的化合物,含有碳元素和氢元素的化合物,燃烧后生成 $CO_2$ 和 $H_2O$ 的化合物,仅含有碳元素和氢元素的化合物,,,"## 解析：

本题主要考查烃的概念，根据烃的定义，烃是仅由碳和氢两种元素组成的化合物。选项A中，烃是仅由碳和氢两种元素组成的化合物，因此A不正确；选项B中，烃是仅由碳和氢两种元素组成的化合物，虽然含有碳和氢，但并非所有含有碳和氢的化合物都是烃，故B不正确；选项C中，燃烧后生成\(\ce{CO2}\)和\(\ce{H2O}\)的化合物，并不一定是烃，例如乙醇燃烧也会生成\(\ce{CO2}\)和\(\ce{H2O}\)，故C不正确；选项D中，烃是仅由碳和氢两种元素组成的化合物，故D正确。

## 最终答案：

\(\boxed{D}\)",0
23,23,下列有关叙述正确的是____,用湿润的PH试纸测定某盐酸的PH,氯化氢气体可使湿润的蓝色石蕊试纸变红,使湿润的品红试纸褪色的气体必定是二氧化硫,氨气可使湿润的蓝色石蕊试纸变红,,,"B
## 解析：

本题考查化学实验方案的评价，为高频考点，把握pH的测定、指示剂的变色、物质的性质为的关键，侧重分析与应用能力的考查，注意实验的评价性分析，题目难度不大。  A.测定pH，pH试纸不能湿润，故A错误； B.氯化氢气体溶于水为盐酸，可使湿润的蓝色石蕊试纸变红，故B正确； C.使湿润的品红试纸褪色的气体，可能为${SO_{2}}$，也可能为${Cl_{2}}$等，故C错误； D.氨气使湿润的红色石蕊试纸变蓝，故D错误。 故选B。

B

## 最终答案：

\(\boxed{B}\)",0
24,24,下列说法正确的是____,碱金属的单质中，锂的还原性最强,第ⅠA族元素比第ⅡA族元素的金属性强,随着核电荷数的递增，卤族元素的气态氢化物的稳定性逐渐减弱,随着核电荷数的递增，第三周期元素的氧化物对应的水化物的酸性逐渐增强,,,"## 解析：

A. 同主族从上到下，金属性增强，单质的还原性也随之增强，因此选项A错误；
B. 同周期元素中，第ⅠA族元素确实比第ⅡA族元素的金属性强，但这一规律并不适用于所有情况，因此选项B错误；
C. 根据元素周期律，随着核电荷数的递增，元素的非金属性逐渐减弱，因此卤族元素的气态氢化物的稳定性也逐渐减弱，这一描述是正确的，但题目要求选择“说法正确”的选项，因此选项C错误；
D. 随着核电荷数的递增，同一周期内元素的非金属性逐渐减弱，因此第三周期元素的氧化物对应的水化物的酸性也逐渐减弱，而不是增强，因此选项D错误。

综上所述，正确答案为 C。

## 最终答案：

\(\boxed{\text{C}}\)",0
25,25,为实现“绿色奥运”，下列建议不合理的是____,推广使用无磷洗涤剂,推广垃圾分类存放、回收和处理,提倡使用手帕，减少餐巾纸的使用,提倡使用一次性塑料餐具和塑料袋,,,"## 解析：

本题考查环境污染及保护，侧重于化学与生活、生产的考查，有利于培养良好的科学素养，提高学习的积极性，难度不大。

A. 使用含磷洗衣粉会使水体富营养化，造成水污染，因此推广使用无磷洗涤剂是合理的，故A正确；

B. 垃圾是放错了位置的资源，回收再利用，既保护环境，又节约资源，因此推广垃圾分类存放、回收和处理是合理的，故B正确；

C. 提倡使用手帕，减少餐巾纸的使用，有利于保护植被，充分利用植物的光合作用吸收大气中的 \(\text{CO}_2\)，防止温室效应，还能减少生产纸的能耗，故C正确；

D. 提倡使用一次性塑料餐具和塑料袋，会造成白色污染，因此这一建议是不合理的，故D错误。

## 最终答案：

\(\boxed{D}\)",0
26,26,下列叙述正确的是____,用牺牲阳极的阴极保护法保护船舶时，将船舶与石墨相连,往含硫酸的淀粉水解液中，先加氢氧化钠溶液，再加碘水，检验淀粉是否水解完全,反应$3Si(s)+2N_2(g)=Si_3N_4(s)$能自发进行，则该反应的$\Delta H<0$,已知$BaSO_4$的$K_{sp}=(Ba^{2+}) \cdot c(SO_{4}^{2})$，所以BaSO4在硫酸钠溶液中溶解达到饱和时有$c(Ba^{2+})=c(SO^{2}_4)=\sqrt{K_{zp}}$,,,"C
## 解析：

A. 用牺牲阳极的阴极保护法保护船舶时，需将船舶与比铁活泼的金属相连，故A错误；

B. 往含硫酸的淀粉水解液中，要先加氢氧化钠溶液中和硫酸，然后再加碘水，检验淀粉是否水解完全，故B错误；

C. 反应 \(3\text{Si(s)} + 2\text{N}_2(\text{g}) = \text{Si}_3\text{N}_4(\text{s})\) 能自发进行，则该反应的 \(\Delta H < 0\)，故C正确；

D. 已知 \(BaSO_4\) 的 \(K_{sp} = (Ba^{2+}) \cdot c(SO_4^{2-})\)，所以 \(BaSO_4\) 在硫酸钠溶液中溶解达到饱和时有 \(c(Ba^{2+}) < c(SO_4^{2-})\)，故D错误。

本题考查了金属的电化学腐蚀与防护、反应自发性的判断、沉淀溶解平衡，题目难度不大，注意对基础知识的积累。

## 最终答案：

\(\boxed{C}\)",0
27,27,将一定量的$Na_2CO_3·10H_2O$与$NaHCO_3$的混合物完全溶解于水，配成100mL溶液，测得溶液中$Na^+$的浓度为0.400$mol \cdot L^{-1}$，若将溶液蒸干并灼烧到质量不变，可得到固体的质量是____,0.92g,1.68g,2.12g,2.55g,,,"## 解析：

本题考查学生利用化学反应方程式进行计算，明确最终反应得到的是 \(\text{Na}_2\text{CO}_3\) 的质量是解答本题的关键，注意守恒法在计算中的应用，题目难度不大。已知将一定量的 \(\text{Na}_2\text{CO}_3 \cdot 10\text{H}_2\text{O}\) 与 \(\text{NaHCO}_3\) 的混合物完全溶解于水，配成 \(100\, \text{mL}\) 溶液，测得溶液中 \(\text{Na}^+\) 的浓度为 \(0.400\, \text{mol} \cdot \text{L}^{-1}\)。若将溶液蒸干并灼烧到质量不变，可得到固体。

根据 \(\text{Na}\) 守恒，可得 \(n(\text{Na}) = 0.1\, \text{L} \times 0.400\, \text{mol} \cdot \text{L}^{-1} = 0.04\, \text{mol}\)。

若将溶液蒸干并灼烧到质量不变，可得到固体 \(\text{Na}_2\text{CO}_3\)，其物质的量为 \(0.04\, \text{mol} / 2 = 0.02\, \text{mol}\)。

因此，\(\text{Na}_2\text{CO}_3\) 的质量为 \(0.02\, \text{mol} \times 106\, \text{g} \cdot \text{mol}^{-1} = 2.12\, \text{g}\)。

故选 C。

## 最终答案：

\(\boxed{C}\)",0
28,28,可以用分液漏斗进行分离的混合物是____,酒精和碘水,苯和水,乙酸和乙酸乙酯,乙酸和水,,,"B

## 解析：

用分液漏斗分离的物质必须互不相溶。苯和水不互溶，因此可以用分液漏斗进行分离。

## 最终答案：

\(\boxed{B}\)",0
29,29,用稀硫酸与铁片反应制取氢气时，下列措施不能使氢气生成速率增大的是____,给反应体系适当加热,向反应体系中加水稀释,向反应体系中加入适量浓盐酸,将铁片换成铁粉,,,"## 解析：

考查外界条件对反应速率影响。通常情况下，增大反应物浓度、升高温度、增大反应物的接触面积或通过原电池反应等都能使反应速率加快。因此，选项B“向反应体系中加水稀释”会降低硫酸的浓度，从而减慢反应速率，故不能使氢气生成速率增大。

## 最终答案：

\(\boxed{B}\)",0
30,30,在元素周期表中金属元素和非金属元素的分界线附近的一些元素能用于制____,合金,半导体,催化剂,农药,,,"## 解析：

考查元素周期表的应用。元素周期表中金属元素和非金属元素的分界线附近的一些元素具有半导体的性质，因此这些元素能用于制备半导体材料。

## 最终答案：

\(\boxed{B}\)",0
31,31,下列说法正确的是____,在晶体中只要有阳离子就一定有阴离子,原子晶体的熔点一定比金属晶体的高,正四面体的分子结构中键角一定为$109^{\circ}28^{\prime}$,不同的原子化学性质可能相同,,,"## 解析：

在晶体中，含有阳离子不一定含有阴离子，例如金属晶体中，因此选项A错误；原子晶体的熔点不一定比金属晶体的高，例如钨的熔点高于硅，因此选项B错误；正四面体的分子结构中键角不一定为 \(109^{\circ}28'\)，例如白磷，因此选项C错误；不同的原子化学性质可能相同，例如 \(^{1}\text{H}\) 和 \(^{2}\text{H}\)，因此选项D正确。

## 最终答案：

\(\boxed{D}\)",0
32,32,"关于下列褪色现象原理是否相同的认识中，正确的一组是：____
①二氧化硫使品红溶液褪色  ②活性炭使红墨水褪色  ③氯水使红色布条褪色",①和②原理相同,①和③原理相同,②和③原理相同,①②③原理各不相同,,,"## 解析：

本题主要考查褪色原理的分析，注意二氧化硫、活性炭、次氯酸漂白性的区别。①二氧化硫使品红溶液褪色，是二氧化硫生成的亚硫酸结合有机色素形成不稳定的无色物质，加热恢复原来的颜色。褪色原理是化合漂白，属于化学变化过程；②活性炭使红墨水褪色，是活性炭吸附有色物质，是物理变化过程；③氯水使红色布条褪色，是氯水生成的次氯酸具有强氧化性，氧化有机色素为无色物质，褪色原理是氧化漂白，属于化学变化过程；因此，①②③原理各不相同。故选D。

## 最终答案：

\(\boxed{D}\)",0
33,33,以下分离或提纯的方法中正确的是____,分离碘水中的碘——升华,分离白酒中的酒精和水——分液,除去海盐中的硫酸盐——溶解后加硝酸钡,分离海水中的水——蒸馏,,,"## 解析：

本题主要考查物质的分离提纯，注意常用分离提纯方法的原理以及适用对象，难度不大。

- A. 碘易溶于有机溶剂，应用萃取的方法分离，故A错误；
- B. 酒精和水互溶，应用蒸馏的方法分离，故B错误；
- C. 加入硝酸钡会引入新的杂质硝酸根离子，故C错误；
- D. 水易挥发，可蒸馏分离，故D正确。

因此，正确答案是D。

## 最终答案：

\(\boxed{D}\)",0
34,34,正丁烷与异丁烷互为同分异构体的依据是____,具有相似的物理性质,具有相似的化学性质,具有不同的分子式,分子式相同，但分子内碳原子的连接方式不同,,,"## 解析：

本题考查同分异构体的概念及判断，题目难度不大，明确“五同”的概念及区别为关键，试题侧重基础知识的考查，培养了学生的灵活应用能力。  分子式相同结构不同的化合物互称同分异构体，正丁烷与异丁烷互为同分异构体的依据是：分子式相同，但分子内碳原子的连接方式不同，故D正确。 故选D。

D

## 最终答案：

\(\boxed{D}\)",0
35,35,下列各组内的两种物质互为同素异形体的是____,$^{16}O$和$^{18}O$,$O^2$和$O^3$,乙酸和甲酸甲酯,乙烷和丙烷,,,"## 解析：

$O^{16}$和$O^{18}$是氧元素的不同原子，互为同位素，因此选项A错误；$O_2$和$O_3$是由同种元素形成的不同单质，互为同素异形体，因此选项B正确；乙酸和甲酸甲酯的分子式相同，但结构不同，互为同分异构体，因此选项C错误；乙烷和丙烷是结构相似，在分子组成上相差一个$CH_2$原子团，互为同系物，因此选项D错误。

## 最终答案：

\\(\boxed{\text{B}}\\)",0
36,36,短周期元素A、B、C、D的原子序数依次递增，它们的核电荷数之和为32，原子最外层电子数之和为10。A与C同主族，B与D同主族，A、C原子的最外层电子数之和等于B原子的次外层电子数。则下列叙述正确的是：____,D元素处于元素周期表中第3周期第ⅥA族,四种元素的原子半径：A＜B＜C＜D,B、D的最高价氧化物具有相似的物理性质和化学性质,一定条件下，B单质能置换出D单质，C单质能置换出A单质,,,D,0
37,37,"酸雨给人类带来了种种灾祸，严重地威胁着地球生命生存的生态环境，下列有关减少或者防止酸雨形成的措施中可行的是____
①对燃煤进行脱硫；②对含SO2等工业废气进行无害处理后，再排放到大气中；③人工收集雷电作用所产生的氮的氧化物；④飞机、汽车等交通工具采用清洁燃料，如天然气、甲醇等",①②③④,①②③,①②④,①③④,,,"## 解析：

 雷电作用所产生的氮的氧化物，人工收集不现实，③错。故选C。 考查化学与生活、生产、社会有关知识。

C

## 最终答案：

\(\boxed{C}\)",0
38,38,女儿红是浙江省绍兴市的地方传统名酒，属于发酵酒中的黄酒，用糯米，红糖等发酵而成，除乙醇外，还含有大量人体所需的氨基酸，江南的冬天空气潮湿寒冷，人们常饮用此酒来增强抵抗力。下列有关酒和酒精的说法中正确的是____,酒精在水溶液中能电离出少量的$H^+$，所以酒精是电解质,酒精结构中有$-OH$，所以显碱性,精分子中只有经基上的氢原子可被钠置换出来,酒精是一种很好的溶剂，能溶解许多无机化合物和有机化合物，人们用白酒浸泡中药制成药酒就是利用了这一性质,,,"## 解析：

A. 酒精在水溶液中不能电离，属于非电解质，因此A选项错误；
B. 酒精结构中含有\(-\text{OH}\)，但酒精不显碱性，因此B选项错误；
C. 乙醇分子中不仅羟基上的氢原子可被钠置换，其他氢原子也可以被置换，因此C选项错误；
D. 酒精是一种良好的溶剂，能够溶解许多无机化合物和有机化合物，人们用白酒浸泡中药制成药酒就是利用了这一性质，因此D选项正确。

## 最终答案：

\(\boxed{D}\)",0
39,39,下列关于铜-锌-稀硫酸组成的原电池，有关叙述错误的是____,锌为负极，锌发生氧化反应,铜为正极，铜 不易失电子而受到保护,负极发生还原反应，正极发生氧化反应,外电路中电子流入的一极为正极，电子流出的一极为负极,,,"## 解析：

本题考查原电池，为高频考点，把握电极、电极反应、电池反应为关键，侧重分析与应用能力的考查，注意原电池与氧化还原反应的联系，题目难度不大。

- A. 锌比铜活泼，锌为负极，失去电子，发生氧化反应，故A正确；
- B. 铜为正极，溶液中的阳离子得电子，铜电极不参与反应，故B正确；
- C. 负极发生氧化反应，正极发生还原反应，故C错误；
- D. 电子从负极流向正极，则外电路中电子流入的一极为正极，电子流出的一极为负极，故D正确。

因此，错误的叙述是C。

## 最终答案：

\(\boxed{C}\)",0
40,40,下列有关叙述错误的是____,中国古代利用明矾溶液的酸性清除铜镜表面的铜锈,陶瓷、水泥和光导纤维均属于硅酸盐材料,“煤改气”、“煤改电”等清洁燃料改造工程有利于减少雾霾天气,石油裂解、煤的干馏、玉米制醇、蛋白质的变性都是化学变化,,,B,0
41,41,皮肤上若沾有少量的苯酚，正确的处理方法是____,用70℃热水洗,用酒精洗,用稀NaOH溶液洗,不必冲洗,,,"## 解析：

A. 温度过高，会烫伤皮肤，因此A选项错误；B. 苯酚不溶于水，但易溶于酒精中，因此可以使用酒精洗去，B选项正确；C. 氢氧化钠具有腐蚀性，因此不推荐使用，C选项错误；D. 苯酚有毒，对皮肤具有强烈的腐蚀性，必须进行处理，因此D选项错误。综上所述，正确的处理方法是使用酒精洗去苯酚。

## 最终答案：

\(\boxed{B}\)",0
42,42,"$N_A$代表阿伏加德罗常数的值,下列叙述正确的是____",0.1mol 熔融的 $NaHSO_4$ 中含有的离子总数为 0.3 $N_A$,标准状况下，2.24L HF和$NH_3$分子所含电子数目均为$N_A$,"常温时,56gAl与足量浓硝酸反应,转移的电子数目为$3N_A$",向含有 1mol $FeI_2$ 溶质的溶液中通入适量的氯气，当有 1mol $Fe^{2+}$被氧化时，该反应转移电子的数目为 3$N_A$,,,"## 解析：

A. 熔融的 $\text{NaHSO}_4$ 电离产生钠离子和硫酸氢根离子，因此 0.1 mol 熔融的 $\text{NaHSO}_4$ 中含有的离子总数为 0.2 $N_A$，故 A 错误；

B. 标准状况下，$\text{HF}$ 为液体，不能使用气体摩尔体积计算物质的量，因此 2.24 L $\text{HF}$ 和 $\text{NH}_3$ 分子所含电子数目并不均为 $N_A$，故 B 错误；

C. 常温时，$\text{Al}$ 与足量浓硝酸反应会发生钝化，导致实际转移的电子数目小于 $3N_A$，故 C 错误；

D. 向含有 1 mol $\text{FeI}_2$ 溶质的溶液中通入适量的氯气，当有 1 mol $\text{Fe}^{2+}$ 被氧化时，根据反应方程式 $\text{Cl}_2 + 2\text{Fe}^{2+} \rightarrow 2\text{Cl}^- + 2\text{Fe}^{3+}$，该反应转移电子的数目为 2 $N_A$。但是，考虑到 $\text{I}^-$ 也能被氧化成 $\text{I}_2$，即 $\text{Cl}_2 + 2\text{I}^- \rightarrow \text{I}_2 + 2\text{Cl}^-$，因此当有 1 mol $\text{Fe}^{2+}$ 被氧化时，实际上转移的电子数为 3 $N_A$，故 D 正确。

## 最终答案：

\(\boxed{D}\)",0
43,43,长期吸食或注射毒品会危及人体健康，下列各组中都属于毒品的是____,冰毒、黄连素,海洛因、黄连素,大麻、摇头丸,黄曲霉素、尼古丁,,,"## 解析：

A. 冰毒即“甲基苯丙胺”，外观为纯白结晶体，故被称为“冰”，对人体中枢神经系统具有极强的刺激作用，且毒性强烈，属于毒品；黄连素是一种重要的生物碱，用于治疗细菌性痢疾和肠胃炎，它无抗药性和副作用，则不是毒品，故A错误；

B. 海洛因的化学名称“二乙酰吗啡”，俗称白粉，长期使用会破坏人的免疫功能，并导致心、肝、肾等主要脏器的损害，注射吸食还能传播艾滋病等疾病，则是毒品；黄连素是一种重要的生物碱，是我国应用很久的中药，不是毒品，故B错误；

C. 大麻类毒品主要活性成分是四氢大麻酚，对中枢神经系统有抑制、麻醉作用，吸食后产生欣快感，有时会出现幻觉和妄想，长期吸食会引起精神障碍、思维迟钝，并破坏人体的免疫系统，是毒品；摇头丸是冰毒的衍生物，以MDMA等苯丙胺类兴奋剂为主要成分，具有兴奋和致幻双重作用，服用后会产生中枢神经强烈兴奋，出现摇头和妄动，在幻觉作用下常常引发集体淫乱、自残与攻击行为，并可诱发精神分裂症及急性心脑疾病，精神依赖性强，则是毒品，故大麻和摇头丸都是毒品，故C正确；

D. 黄曲霉素是由黄霉菌产生的真菌霉素，是目前发现的化学致癌物中最强的物质之一，主要损害肝脏功能并有强烈的致癌、致畸、致突变作用，能引起肝癌，还可以诱发骨癌、肾癌、直肠癌、乳腺癌、卵巢癌等，是有害物质，但不属于毒品；尼古丁是一种存在于茄科植物（茄属）中的生物碱，会使人上瘾或产生依赖性，人们通常难以克制自己，重复使用尼古丁也增加心脏速度和升高血压并降低食欲，大剂量的尼古丁会引起呕吐以及恶心，严重时人会死亡，则是有害物质，但不属于毒品，故D错误。

## 最终答案：

\(\boxed{C}\)",0
44,44,下列气体不能与镁反应的是____,氮气,氧气,氩气,二氧化碳,,,"## 解析：

本题考查了镁的化学性质，比较基础。根据镁的化学性质，可以与氮气（\(\text{N}_2\)）、氧气（\(\text{O}_2\)）和二氧化碳（\(\text{CO}_2\)）反应，而氩气（\(\text{Ar}\)）为稀有气体，化学性质非常稳定，不会与镁发生反应。因此，不能与镁反应的气体是氩气，即选项C。

## 最终答案：

\(\boxed{C}\)",0
45,45,下列各组内的两种物质，固态时都属分子晶体的是____,$SO_2$和$SiO_2$,$CO_2$和$H_2O$,NaCl和HCl,$CH_4$和$MgCl_2$,,,"## 解析：

$SiO_2$是原子晶体，A选项错误。NaCl是离子晶体，HCl和$CH_4$是分子晶体，C选项错误。$MgCl_2$是离子晶体，D选项错误。因此，正确答案为B，$CO_2$和$H_2O$均为分子晶体。

## 最终答案：

\(\boxed{B}\)",0
46,46,下列反应中属于加成反应的是____,乙烯使酸性高锰酸钾溶液褪色,将苯滴入溴水中，振荡后水层接近无色,乙烯使溴水褪色,甲烷与氯气混 合，光照一段时间后黄绿色消失,,,"## 解析：

有机物分子中的不饱和键断裂，断键原子与其他原子或原子团相结合，生成新的化合物的反应是加成反应；有机物中的原子或原子团被其他的原子或原子团所代替生成新的化合物的反应叫取代反应，根据定义分析。

- A. 乙烯使酸性高锰酸钾溶液褪色，是高锰酸钾和乙烯发生了氧化反应的结果，故A错误；
- B. 苯能萃取溴水中的溴，所以水层接近无色，不是加成反应，故B错误；
- C. 乙烯中的双键断裂，每个碳原子上结合一个溴原子生成1,2-二溴乙烷，所以属于加成反应，故C正确；
- D. 甲烷与氯气混合光照一段时间后，甲烷中的氢原子被氯原子所代替生成氯代物，所以属于取代反应，故D错误。

因此，正确答案为C。

## 最终答案：

\(\boxed{C}\)",0
47,47,下列说法不正确的是____,要将 $AlCl_3$ 溶液中的 $Al^{3+}$全部沉淀，常用氨水作沉淀剂,锅炉长期烧煮硬水，结成的锅垢的主要成分是 $CaCO_3$ 和 $Mg(OH)_2$,在苯酚溶液中加入浓溴水，可产生白色沉淀,在硫酸铁溶液中加入过量铁屑后，再加入 KSCN 溶液，呈红色,,,"## 解析：

A. 氨水是弱碱溶液，可以全部沉淀 \(\text{Al}^{3+}\)，且 \(\text{Al(OH)}_3\) 不溶于弱碱溶液，因此选项A正确；

B. 锅炉长期烧煮硬水，结成的锅垢的主要成分是 \(\text{CaCO}_3\) 和 \(\text{Mg(OH)}_2\)，因此选项B正确；

C. 在苯酚溶液中加入浓溴水，可产生白色沉淀 \(\text{2C}_6\text{H}_5\text{OH} + 3\text{Br}_2 \rightarrow 2\text{C}_6\text{H}_2\text{Br}_3\text{OH} + \text{HBr}\)，因此选项C正确；

D. 在硫酸铁溶液中加入过量铁屑后，反应方程式为 \(\text{Fe}_2(\text{SO}_4)_3 + \text{Fe} = 3\text{FeSO}_4\)，再加入 \(\text{KSCN}\) 溶液，溶液不会呈红色，因此选项D错误。

## 最终答案：

\(\boxed{\text{D}}\)",0
48,48,下列关于乙烯和乙烷相比较的说法中，不正确的是____,乙烯属于不饱和烃，乙烷属于饱和烃,乙烯和乙烷互为同系物,乙烷在光照条件下能与$Cl_2$发生取代反应，乙烯则不能,乙烯能使$Br_2$的$CCl_4$溶液褪色，乙烷则不能,,,"## 解析：

A. 乙烯含有碳碳双键，属于不饱和烃；乙烷属于饱和烃，A 正确；
B. 乙烯和乙烷结构不相似，不属于同系物，B 错误；
C. 乙烷在光照条件下能与 \(\text{Cl}_2\) 发生取代反应，乙烯则不能，C 正确；
D. 乙烯含有碳碳双键，能使 \(\text{Br}_2\) 的 \(\text{CCl}_4\) 溶液褪色，乙烷则不能，D 正确。

## 最终答案：

\(\boxed{B}\)",0
49,49,下列关于铝的叙述中不正确的是____,铝是地壳中含量最多的金属元素,铝的抗腐蚀性能好，原因是铝表面的氧化膜可以阻止铝与空气中的氧气接触,铝是一种活泼的金属，在化学反应中常作还原剂,铝制餐具能用于蒸煮，或长时间存放碱性食物，但不适宜存放酸性食物,,,D,0
50,50,下列关于碳酸钠和碳酸氢钠的性质叙述中，正确的是____,在水中的溶解性：碳酸钠小于碳酸氢钠,热稳定性：碳酸钠大于碳酸氢钠,与酸反应的速率：碳酸钠大于碳酸氢钠,碳酸钠不能转化为碳酸氢钠，而碳酸氢钠可以转化为碳酸钠,,,"## 解析：

本题考查\(\text{Na}_2\text{CO}_3\)和\(\text{NaHCO}_3\)的性质，题目难度不大，注意把握\(\text{Na}_2\text{CO}_3\)和\(\text{NaHCO}_3\)性质的异同，注重基础知识的积累。

A. 在水中的溶解性：碳酸钠大于碳酸氢钠，故A错误；

B. 碳酸氢钠加热发生分解反应 \(2\text{NaHCO}_3 \xrightarrow{\triangle} \text{Na}_2\text{CO}_3 + \text{CO}_2↑ + \text{H}_2\text{O}\)，而碳酸钠加热不分解，所以热稳定性：碳酸钠大于碳酸氢钠，故B正确；

C. 碳酸钠与盐酸反应先转化为碳酸氢钠，碳酸氢钠再与盐酸反应生成二氧化碳，所以与酸反应的速率：碳酸钠小于碳酸氢钠，故C错误；

D. 碳酸钠与二氧化碳、水反应生成碳酸氢钠，碳酸氢钠在加热条件或与氢氧化钠反应可以转化为碳酸钠，故D错误。

## 最终答案：

\(\boxed{\text{B}}\)",0
51,51,下列质量的物质，其物质的量最多的是____,1克$H_2$,11克$CO_2$,8克$O_2$,4.5克$H_2O$,,,"## 解析：

A. 1克$H_2$的物质的量为$\frac{1g}{2g/mol} = 0.5mol$；

B. 11克$CO_2$的物质的量为$\frac{11g}{44g/mol} = 0.25mol$；

C. 8克$O_2$的物质的量为$\frac{8g}{32g/mol} = 0.25mol$；

D. 4.5克$H_2O$的物质的量为$\frac{4.5g}{18g/mol} = 0.25mol$；

因此，1克$H_2$的物质的量最多，故选A。

## 最终答案：

\(\boxed{A}\)",0
52,52,下列物质中属 于共价化合物的是____,$Na_2O$,$Na_2O_2$,$HNO_3$,NaOH,,,"## 解析：

本题主要考查共价化合物的相关知识。选项A，\(\text{Na}_2\text{O}\) 中只含离子键，为离子化合物，故A错误；选项B，\(\text{Na}_2\text{O}_2\) 中含有离子键和共价键，为离子化合物，故B错误；选项C，\(\text{HNO}_3\) 中只含共价键，为共价化合物，故C正确；选项D，\(\text{NaOH}\) 中含有离子键和共价键，为离子化合物，故D错误。因此，正确答案为C。

## 最终答案：

\(\boxed{C}\)",0
53,53,下列有关实验操作说法错误的是____,蒸馏时应先加热蒸馏烧瓶，再向冷凝管中通入冷水,向容量瓶中转移液体时，玻璃棒可以接触容量瓶刻度线下的内壁,用分液漏斗分液时，眼睛注视分液漏斗内的液面,用蒸发结晶的方法可使NaCl从溶液中析出,,,"## 解析：

A. 蒸馏时，为防止冷凝管破裂，应先接好冷凝水再加热蒸馏烧瓶，因此选项A错误；B. 转移液体时，玻璃棒接触容量瓶刻度线下的内壁可以防止液体外溅，故B正确；C. 分液时，眼睛注视分液漏斗内的液面，防止上层液体漏下，故C正确；D. \(\text{NaCl}\)的溶解度受温度影响不大，因此用蒸发结晶的方法可使\(\text{NaCl}\)从溶液中析出，故D正确。本题考查实验操作，难度不大。

## 最终答案：

\(\boxed{A}\)",0
54,54,周期表中16号元素与4号元素的原子相比较，前者的下列数据是后者的4倍的是____,K层电子数,最外层电子数,电子层数,次外层电子数,,,"## 解析：

考查元素周期表的结构。16号元素是硫元素，最外层电子数是6，而4号元素是铍元素，最外层电子数是2。因此，前者的最外层电子数是后者的4倍。故正确答案为B。

## 最终答案：

\(\boxed{B}\)",0
55,55,称取两份铝粉，第一份加入足量的盐酸，第二份加入足量的烧碱溶液，若生成的氢气质量相同，则两份铝粉的质量比为____, $1:1$, $3:2$, $2:3$, $1:6$,,,"A

## 解析：

本题考查化学方程式有关计算，正确书写方程式是解本题关键，可以利用电子转移守恒，题目难度不大。 铝与酸、碱反应的化学方程式：$2Al+6HCl=2AlCl_{3}+3H_{2}↑$、$2Al+2NaOH+2H_{2}O=2NaAlO_{2}+3H_{2}↑$，这两个反应中都是Al作还原剂，根据方程式知，若生成的氢气质量相同，需要的Al的质量相等，其质量之比为1:1，故A正确。 故选A。

A

## 最终答案：

\\(\boxed{A}\\)",0
56,56,已知AgCl和AgBr的溶解度分别为$1.5×10^{-4}$g、$8.4×10^{-6}$g，将AgCl与AgBr的饱和溶液等体积混合，再加入足量$AgNO_3$溶液，发生的反应为____,只有AgBr沉淀生成,AgCl和AgBr沉淀等量生成,AgCl沉淀多于AgBr沉淀,AgCl沉淀少于AgBr沉淀,,,"## 解析：

本题考查难溶电解质的溶解平衡，题目难度适中。此题的关键在于比较 \(\text{AgCl}\) 和 \(\text{AgBr}\) 的溶解度。已知 \(\text{AgCl}\) 的溶解度为 \(1.5 \times 10^{-4}\, \text{g}\)，而 \(\text{AgBr}\) 的溶解度为 \(8.4 \times 10^{-6}\, \text{g}\)。在 \(\text{AgCl}\) 和 \(\text{AgBr}\) 的饱和溶液中，\(\text{c(Cl}^{-}) > \text{c(Br}^{-})\)，因此当加入足量的 \(\text{AgNO}_3\) 溶液时，\(\text{AgBr}\) 沉淀较多，而 \(\text{AgCl}\) 沉淀较少。故选项 D 正确。

## 最终答案：

\(\boxed{D}\)",0
57,57,酸雨形成的主要原因是____,汽车排出大量尾气,自然界中硫化物分解,工业上大量燃烧含硫燃料,可燃冰燃烧,,,"## 解析：

A．汽车排出大量尾气，尾气中含有大量的氮氧化物，这些物质经过复杂的过程在大气中最终形成酸雨，但不是主要原因，故A错误；B．自然界中硫化物分解的量较少，所以不是形成酸雨的主要原因，故B错误；C．工业上大量燃烧含硫燃料和以含硫矿石为原料的金属冶炼，产生的二氧化硫气体排放到大气中是形成酸雨的主要原因，故C正确；D．可燃冰是甲烷水合物，燃烧后生成二氧化碳，二氧化碳不是形成酸雨的原因，故D错误；因此正确答案为C。

## 最终答案：

\(\boxed{\text{C}}\)",0
58,58,下列操作不能用于检验$NH_3$的是____,气体使湿润的酚酞试纸变红,气体能使湿润的红色石蕊试纸变蓝,气体与浓$H_2SO_4$靠近,气体与浓盐酸产生白烟,,,"## 解析：

本题考查了检验氨气的方法、氨气的性质，题目难度不大，熟记氨气及氨水的性质是解题的关键。

- A. 氨气通入酚酞溶液中发生反应：\(NH_3 + H_2O = NH_3 \cdot H_2O\)，\(NH_3 \cdot H_2O \rightleftharpoons NH_4^+ + OH^-\)，溶液呈碱性，酚酞溶液变红，该操作可以检验氨气的存在，故A不选；
- B. 氨气是碱性气体，遇湿润的红色石蕊试纸变蓝，该操作可以检验\(NH_3\)，故B不选；
- C. 浓硫酸是难挥发性的酸，此操作不能用于检验氨气，故C选；
- D. \(8NH_3 + 3HCl = NH_4Cl \downarrow + 8NH_3\)，浓盐酸遇氨气冒白烟，该操作可以检验氨气，故D不选。

因此，正确答案为C。

## 最终答案：

\(\boxed{C}\)",0
59,59,现代生活中出现了 “铁强化酱油”、“高钙牛奶”、“富硒茶叶”、“含氟牙膏”等商品。这里的铁、钙、硒、氟应理解为____,元素,单质,分子,氧化物,,,"## 解析：

本题考查物质的组成，题目难度不大，明确物质、元素、分子、原子、离子之间的关系是解本题的关键，知道一些常见物质组成用元素来描述。

- A. “铁强化酱油”、“高钙牛奶”、“富硒茶叶”、“含氟牙膏”等商品，这些商品中所强调的铁、钙、硒、氟，都是说明这些物质的存在了这些元素，而不关注以什么形式存在，或者便于说明如何存在，所以就用宏观的元素种类来说明，因此理解为元素，故A正确；
- B. 商品中如钙、硒、铁等不可能以单质形式存在，故B错误；
- C. “铁强化酱油”、“高钙牛奶”、“富硒茶叶”、“含氟牙膏”等商品，这些商品中所强调的铁、钙、硒、氟，都是说明这些物质的存在了这些元素，而不关注以什么形式存在，或者便于说明如何存在，所以就用宏观的元素种类来说明，因此理解为元素，而不是分子，故C错误；
- D. “铁强化酱油”、“高钙牛奶”、“富硒茶叶”、“含氟牙膏”等商品，这些商品中所强调的铁、钙、硒、氟，都是说明这些物质的存在了这些元素，而不关注以什么形式存在，或者便于说明如何存在，所以就用宏观的元素种类来说明，因此理解为元素，而不是氧化物，故D错误。

综上所述，正确答案为A。

## 最终答案：

\(\boxed{A}\)",0
60,60,以下各组内的两种物质相互反应不能生成氢氧化钠的是____,Na 和 $H_2O$,$Na_2O$和 $H_2O$,$Na_2O_2$ 和 $H_2O$,$Na_2O$ 和 $HCl$,,,"## 解析：

首先，我们分析每个选项中的物质反应能否生成氢氧化钠 \(\text{NaOH}\)。

A. 钠 \(\text{Na}\) 与水 \(\text{H}_2\text{O}\) 反应生成氢氧化钠 \(\text{NaOH}\) 和氢气 \(\text{H}_2\)，反应方程式为：
\[ 2\text{Na} + 2\text{H}_2\text{O} \rightarrow 2\text{NaOH} + \text{H}_2 \uparrow \]
因此，选项A不正确。

B. 氧化钠 \(\text{Na}_2\text{O}\) 与水 \(\text{H}_2\text{O}\) 反应生成氢氧化钠 \(\text{NaOH}\)，反应方程式为：
\[ \text{Na}_2\text{O} + \text{H}_2\text{O} \rightarrow 2\text{NaOH} \]
因此，选项B不正确。

C. 过氧化钠 \(\text{Na}_2\text{O}_2\) 与水 \(\text{H}_2\text{O}\) 反应生成氢氧化钠 \(\text{NaOH}\) 和氧气 \(\text{O}_2\)，反应方程式为：
\[ 2\text{Na}_2\text{O}_2 + 2\text{H}_2\text{O} \rightarrow 4\text{NaOH} + \text{O}_2 \uparrow \]
因此，选项C不正确。

D. 氧化钠 \(\text{Na}_2\text{O}\) 与盐酸 \(\text{HCl}\) 反应生成氯化钠 \(\text{NaCl}\) 和水 \(\text{H}_2\text{O}\)，反应方程式为：
\[ \text{Na}_2\text{O} + 2\text{HCl} \rightarrow 2\text{NaCl} + \text{H}_2\text{O} \]
因此，选项D正确。

综上所述，正确答案为D。本题考查了元素化合物知识，熟悉钠及其化合物的性质是解题关键，注意钠与水反应的现象，题目难度不大。

## 最终答案：

\(\boxed{D}\)",0
61,61,下列反应(均未配平)中，氧化剂与还原剂物质的量的关系为1︰2的是____,$Cu+H_2SO_4 \longrightarrow CuSO_4+SO_2\uparrow+H_2O$,$CH_3COOH+Ca(ClO)_2 \longrightarrow HClO + Ca(CH_3COO)_2$,$I_2 + NaClO_3 \longrightarrow NaIO_3 + Cl_2$,$HCl+MnO_2 \longrightarrow MnCl_2 + Cl_2\uparrow+H_2O$,,,"AD

## 解析：

A、C、D 选项均是氧化还原反应，但 B 选项不是氧化还原反应，故 B 选项错误；A 选项：\(\text{Cu} + \text{H}_2\text{SO}_4 \rightarrow \text{CuSO}_4 + \text{SO}_2 \uparrow + \text{H}_2\text{O}\)，在该反应中，铜元素的化合价从 0 价升高到 +2 价，失电子，铜是还原剂；硫元素的化合价从 +6 价降低到 +4 价，得电子，\(\text{H}_2\text{SO}_4\) 是氧化剂，因此氧化剂与还原剂的物质的量之比为 1︰1；

C 选项：\(\text{I}_2 + \text{NaClO}_3 \rightarrow \text{NaIO}_3 + \text{Cl}_2\)，在该反应中，碘元素的化合价从 0 价升高到 +5 价，失电子，碘是还原剂；氯元素的化合价从 +5 价降低到 0 价，得电子，\(\text{NaClO}_3\) 是氧化剂，因此氧化剂与还原剂的物质的量之比为 1︰3；

D 选项：\(\text{HCl} + \text{MnO}_2 \rightarrow \text{MnCl}_2 + \text{Cl}_2 \uparrow + \text{H}_2\text{O}\)，在该反应中，氯元素的化合价从 -1 价升高到 0 价，失电子，\(\text{HCl}\) 是还原剂；锰元素的化合价从 +4 价降低到 +2 价，得电子，\(\text{MnO}_2\) 是氧化剂，因此氧化剂与还原剂的物质的量之比为 1︰2。

## 最终答案：

\(\boxed{A,D}\)",0
62,62,某金属能与稀盐酸作用放出氢气，该金属与锌组成原电池时，锌为负极，此金属是____,镁,铁,铝,铜,,,"## 解析：

在原电池中，负极发生氧化反应，较活泼的金属作负极。根据题目，金属与锌组成原电池时，锌为负极，说明该金属的活泼性低于锌。镁和铝的活泼性大于锌，因此不能作为负极；铜的活泼性低于锌，但不能与盐酸反应放出氢气。因此，正确答案是铁（Fe）。

## 最终答案：

\(\boxed{B}\)",0
63,63,下列做法正确的是____,为了使火腿肠颜色更鲜红，可多加一些亚硝酸钠,为了使婴儿对食品有浓厚兴趣，可以在婴儿食品中加少量着色剂,食盐加碘是防止人体缺碘而加的营养强化剂，预防地方性甲状腺肿,为保证人体所需足够蛋白质我们要多吃肉，少吃蔬菜和水果．,,,"C
## 解析：

本题考查了食品添加剂的组成、性质和作用，难度不大，会运用化学知识解释生活现象，学以致用。A. 亚硝酸钠多加有毒，能致癌，应合理添加，故A错误；B. 添加着色剂，目的是使食品的色泽更加诱人，如柠檬黄能使食品变黄，但婴儿食品不能添加着色剂，故B错误；C. 碘是合成甲状腺激素的主要元素，缺乏会患甲状腺肿大，食盐加碘是防止人体缺碘而加的营养强化剂，预防地方性甲状腺肿，故C正确；D. 蔬菜、水果含有人体生长需要的维生素等营养素，为了营养均衡，应多吃蔬菜和水果，如维生素C又叫抗坏血酸，主要存在于新鲜的蔬菜和水果中，缺少易得坏血病、牙龈出血等，故D错误。

## 最终答案：

\(\boxed{C}\)",0
64,64,下列离子化合物中，由Ne与Ar和的电子层结构相同的离子组成的是____,LiBr,NaCl,KCl,$MgF_2$,,,"## 解析：

A、锂离子是2电子的阳离子，溴离子是18电子的阴离子，不都满足Ne和Ar的电子层结构，故A错误；B、钠离子是10电子的阳离子，氯离子是18电子的阴离子，不满足Ne和Ar的电子层结构，故B错误；C、钾离子是18电子的阳离子，氯离子是18电子的阴离子，都满足Ne和Ar的电子层结构，故C正确；D、镁离子是10电子的阳离子，氟离子是10电子的阴离子，不满足Ne和Ar的电子层结构，故D错误；故选C。

C

## 最终答案：

\(\boxed{C}\)",0
65,65,下列叙述正确的是____,含有离子键的化合物一定是离子化合物,含有共价键的化合物一定是共价化合物,离子化合物中不可能含有共价键,共价化合物中可能含有离子键,,,A,0
66,66,下列化学方程式错误的是____,$2Na + S \stackrel{\bigtriangleup }{=}Na_2S$,$Cu + S \stackrel{\bigtriangleup }{=}CuS$,$Fe + S \stackrel{\bigtriangleup }{=}FeS$,$H_2 + S \stackrel{\bigtriangleup }{=}H_2S$,,,"## 解析：

本题考查了化学方程式的书写判断，题目难度不大，注意掌握化学方程式的书写原则，明确需要注明反应条件、标出气体符号、注明集流号等。  A.$2Na+S \xrightarrow{\triangle }Na_{2}S$，方程式正确，故A错误； B.$2Cu+S \xrightarrow{\triangle }Cu_{2}S$，故B正确； C.$Fe+S \xrightarrow{\triangle }FeS$，方程式正确，故C错误； D.$H_{2}+S \xrightarrow{\triangle }H_{2}S$，方程式正确，故D错误。 故选B。

B

## 最终答案：

\(\boxed{B}\)",0
67,67,下列食品中属于碱性食品的是____,鸡肉,牛奶,柠檬,鱼肉,,,"## 解析：

本题考查了食物的酸碱性判断，难度不大，注意食物的酸碱性是根据食物在体内代谢最终产物的性质来分类的，不是根据口感来进行分类的。$\\text{A.}$ 鸡肉主要成分为蛋白质，在体内经过消化、吸收后，最后氧化成酸，这类食物习惯上被称为酸性食物，故$\\text{A}$错误；$\\text{B.}$ 牛奶主要成分为蛋白质，在体内经过消化、吸收后，最后氧化成酸，这类食物习惯上被称为酸性食物，故$\\text{B}$错误；$\\text{C.}$ 柠檬在人体中的代谢产物呈碱性，是碱性食物，故$\\text{C}$正确；$\\text{D.}$ 鱼肉主要成分为蛋白质，在体内经过消化、吸收后，最后氧化成酸，这类食物习惯上被称为酸性食物，故$\\text{D}$错误。因此，正确答案为$\\text{C}$。

## 最终答案：

\(\boxed{C}\)",0
68,68,下列物质不能用氧化物与水反应直接制取的是____,消石灰,$H_2SiO_3$,$H_2SO_3$,苛性钠,,,"B

## 解析：

A. 消石灰，即氢氧化钙，可由氧化钙与水反应制得，故A不选；B. \(H_2SiO_3\) 不可用氧化物与水反应直接制取，故选B；C. \(H_2SO_3\) 可由二氧化硫与水反应制得，故C不选；D. 苛性钠，即氢氧化钠，可由氧化钠与水反应制得，故D不选。故答案选B。

## 最终答案：

\(\boxed{B}\)",0
69,69,对于某些离子的检验及结论一定正确的是____,加入稀盐酸产生无色气体，将气体通入澄清石灰水中，溶液变浑浊，一定有$CO_3^{2-}$,加入氯化钡溶液有白色沉淀产生，再加入盐酸，沉淀不消失，一定有$SO_4^{2-}$,加入氢氧化钠溶液并加热，产生的气体能使湿润的红色石蕊试纸变蓝，一定有$NH_4^+$,加入碳酸钠溶液产生白色沉淀，再加入盐酸白色沉淀消失，一定有$Ba^{2+}$,,,"## 解析：

A. 加入稀盐酸产生无色气体，将气体通入澄清石灰水中，溶液变浑浊，生成的气体可能为二氧化碳 \(\text{CO}_2\) 或二氧化硫 \(\text{SO}_2\)，原溶液中可能含有碳酸氢根离子 \(\text{HCO}_3^-\)、亚硫酸根离子 \(\text{SO}_3^{2-}\) 等离子，不一定含有碳酸根离子 \(\text{CO}_3^{2-}\)，故A错误；

B. 加入氯化钡溶液有白色沉淀产生，再加入盐酸，沉淀不消失，该沉淀可能为氯化银 \(\text{AgCl}\)，原溶液中可能含有银离子 \(\text{Ag}^+\)，不一定有硫酸根离子 \(\text{SO}_4^{2-}\)，故B错误；

C. 加入氢氧化钠溶液并加热，产生的气体能使湿润的红色石蕊试纸变蓝，该气体为氨气 \(\text{NH}_3\)，则原溶液中一定有铵离子 \(\text{NH}_4^+\)，故C正确；

D. 加入碳酸钠溶液产生白色沉淀，再加入盐酸白色沉淀消失，该沉淀可能为碳酸钙 \(\text{CaCO}_3\)，溶液中可能含有钙离子 \(\text{Ca}^{2+}\)，不一定含有钡离子 \(\text{Ba}^{2+}\)，故D错误。

## 最终答案：

\(\boxed{C}\)",0
70,70,下列说法中，正确的是____,NaCl的摩尔质量是58.5g,在1L水中溶解5.85gNaCl，即可配制得0.1mol/L 的NaCl溶液,标准状况下，22.4L $H_2O$含有氢原子的数目为2$N_A$,17g $NH_3$中含有分子数为$N_A$,,,"## 解析：

本题考查阿伏伽德罗常数，难度不大，注意摩尔质量以g/mol为单位时，数值上等于其相对分子质量。  A. NaCl的摩尔质量是58.5g/mol，故A错误； B. 在1L水中溶解5.85gNaCl，溶液体积大于1L，则配制得溶液浓度小于0.1mol/L，故B错误； C. 标准状况下，22.4L H$_{2}$O不是1mol，故C错误； D. 17g NH$_{3}$物质的量为1mol，含有分子数为N$_{A}$，故D正确。 故选D。

D

## 最终答案：

\(\boxed{D}\)",0
71,71,下列有关$NaHCO_3$与$Na_2CO_3$的说法中不正确的是____,在水中溶解性：$Na_2CO_3$ < $NaHCO_3$,与相同浓度酸反应的剧烈程度：$Na_2CO_3$ < $NaHCO_3$,热稳定性：$Na_2CO_3$ < $NaHCO_3$,二者间在一定条件下可相互转化,,,"## 解析：

本题考查\(\text{Na}_2\text{CO}_3\)和\(\text{NaHCO}_3\)性质的异同，题目难度不大，注意把握\(\text{Na}_2\text{CO}_3\)和\(\text{NaHCO}_3\)的性质，注重基础知识的积累。

A. 常温下，向饱和碳酸钠溶液中通入二氧化碳气体，有碳酸氢钠晶体析出，可知常温时水溶解性：\(\text{Na}_2\text{CO}_3 > \text{NaHCO}_3\)，故A错误；

B. 分别滴加\(\text{HCl}\)溶液，反应离子方程式为\(\text{CO}_3^{2-} + 2\text{H}^+ \rightarrow \text{CO}_2 \uparrow + \text{H}_2\text{O}\)，\(\text{HCO}_3^- + \text{H}^+ \rightarrow \text{H}_2\text{O} + \text{CO}_2 \uparrow\)，相同条件下\(\text{NaHCO}_3\)比\(\text{Na}_2\text{CO}_3\)反应放出气体剧烈，故B正确；

C. \(\text{NaHCO}_3\)不稳定，加热易分\(2\text{NaHCO}_3 \xrightarrow{\triangle} \text{Na}_2\text{CO}_3 + \text{CO}_2 \uparrow + \text{H}_2\text{O}\)，碳酸钠受热稳定，故C错误；

D. \(\text{NaHCO}_3\)可与\(\text{NaOH}\)反应生成\(\text{Na}_2\text{CO}_3\)，\(\text{NaHCO}_3\)分解可生成\(\text{Na}_2\text{CO}_3\)，\(\text{Na}_2\text{CO}_3\)可与二氧化碳、水反应生成\(\text{NaHCO}_3\)，故D正确。

## 最终答案：

\(\boxed{\text{A}}\)
\(\boxed{\text{C}}\)",0
72,72,不能使干燥的淀粉碘化钾试纸变蓝的是____,氯水,溴水,碘水,盐酸,,,"## 解析：

本题考查卤素单质的性质及氧化还原反应，为高频考点，把握物质的性质、发生的反应及淀粉特性为关键，侧重分析与应用能力的考查，题目难度不大。具有氧化性的物质，能氧化碘离子生成碘单质，或存在碘单质，则使湿润的淀粉碘化钾试纸变蓝，以此来。

- A. 氯水与 \(\text{KI}\) 反应生成碘，能使干燥的淀粉碘化钾试纸变蓝，故 A 不选；
- B. 溴水与 \(\text{KI}\) 反应生成碘，能使干燥的淀粉碘化钾试纸变蓝，故 B 不选；
- C. 碘水中有碘单质，能使干燥的淀粉碘化钾试纸变蓝，故 C 不选；
- D. 盐酸与 \(\text{KI}\) 不反应，无碘单质生成，则不能使干燥的淀粉碘化钾试纸变蓝，故 D 选。

## 最终答案：

\(\boxed{D}\)",0
73,73,下列关于化学反应的限度的说法中，正确的是____,当可逆反应达到平衡时，这就是这个反应所能达到的限度,当可逆反应进行到平衡状态时，那么这个反应的正向反应的速率和逆向反应的速率都为零,平衡状态是一种静止的状态，因为反应物和生成物的浓度都不再改变,化学反应的限度不可以通过改变反应条件而改变,,,"## 解析：

可逆反应达到平衡时，反应没有停止，只是正反应速率和逆反应速率相等，即 \(v_{\text{正}} = v_{\text{逆}} \neq 0\)，因此选项A正确。此外，当外界条件改变，平衡会发生移动，这说明化学反应的限度是可以被改变的，因此选项D错误。化学平衡状态是一种动态平衡，反应物和生成物的浓度不再随时间改变，但反应并未停止，选项B和C的描述不准确。

## 最终答案：

\(\boxed{A}\)",0
74,74,下列关于乙烯的叙述中，不正确的是____,乙烯的化学性质比乙烷活泼,乙烯燃烧时，火焰明亮，同时伴有黑烟,乙烯可作香蕉等水果的催熟剂,乙烯双键中的一个键可以断裂，容易发生加成反应和取代反应,,,"## 解析：

A. 乙烯含有C=C双键，能发生加成反应，与溴水发生加成反应使溴水褪色，而乙烷不能发生加成反应，因此乙烯的化学性质比乙烷活泼，故A正确；

B. 乙烯含碳量较高，燃烧时火焰明亮，同时伴有黑烟，故B正确；

C. 乙烯可作为植物生长的调节剂，如催熟剂，因此可以使用乙烯作为香蕉的催熟剂，故C正确；

D. 乙烯双键中的一个键可以断裂，容易发生加成反应，也可以发生加聚反应，但不能发生取代反应，故D错误。

综上所述，选项D不正确。

## 最终答案：

\(\boxed{\text{D}}\)",0
75,75,下列反应属于吸热反应的是____,生石灰与水的反应,水变成水蒸气,天然气与氧气的反应,$Ba(OH)_2\cdot8H_2O$与$NH_4Cl$的反应,,,"## 解析：

$A$．生石灰与水的反应是放热反应，故$A$错误；$B$．水变成水蒸气为物理变化，故$B$错误；$C$．天然气与氧气的反应是燃烧反应，属于放热反应，故$C$错误；$D$．$Ba(OH)_2\cdot8H_2O$与$NH_4Cl$的反应是吸热反应，故$D$正确；故选：$D$。

D

## 最终答案：

\(\boxed{D}\)",0
76,76,短周期主族元素X、Y、Z、R的原子序数依次增大，X是地壳中含量最高的元素，Z在X中燃烧火焰呈黄色，R是基态原子p能级有一对成对电子。下列说法正确的是____,电负性：X>R>Z>Y,X与Z组成的化合物肯定含有共价键,原子半径：Z>R>X>Y,气态氰化物的稳定性：X>Y>R,,,"## 解析：

结合分析可知，X为O，Y为F，Z为Na，R为S元素。A．同一周期从左向右电负性逐渐增强，同一主族从上到下电负性逐渐减弱，则电负性：Y＞X＞R＞Z，故A错误；B．O、Na形成的氧化钠只含有离子键，不存在共价键，故B错误；C．同一周期从左向右原子半径逐渐减小，同一主族从上到下原子半径逐渐增大，则原子半径：Z＞R＞X＞Y，故C正确；D．非金属性越强，气态氢化物的稳定性越强，非金属性F＞O＞S，则气态氰化物的稳定性：Y＞X＞R，故D错误；故选：C。短周期主族元素X、Y、Z、R的原子序数依次增大，X是地壳中含量最高的元素，则X为O；Z在X中燃烧火焰呈黄色，则Z为Na；R是基态原子p能级有一对成对电子，其原子序数大于Na，核外电子排布式为$1s^{2}2s^{2}2p^{6}3s^{2}3p^{4}$，则R为S元素；Y介于O、Na之间，则Y为F，以此分析。本题考查原子结构与元素周期律，为高频考点，把握原子序数、原子结构推断元素为的关键，侧重分析与应用能力的考查，注意规律性知识的应用，题目难度不大。

## 最终答案：

\(\boxed{C}\)",0
77,77,下列性质的比较正确的是____,酸性：$H_2SiO_3$>$H_2CO_3$,碱性：$Mg(OH)_2$>$Al(OH)_3$,稳定性：$SiH_4$> $PH_3$,原子半径：N>C,,,"## 解析：

A. 非金属性越强，对应最高价氧化物的水化物酸性越强，则酸性：\(H_2SiO_3 < H_2CO_3\)，故A错误；

B. 金属性越强，对应最高价氧化物的水化物碱性越强，则碱性：\(Mg(OH)_2 > Al(OH)_3\)，故B正确；

C. 非金属性越强，对应气态氢化物越稳定，则稳定性：\(SiH_4 < PH_3\)，故C错误；

D. 同周期从左向右原子半径减小，则原子半径：\(N < C\)，故D错误。

## 最终答案：

\(\boxed{B}\)",0
78,78,"下列属于物理变化的是____
①石油的分馏， ②煤的干馏 ③石油的裂化
④铝热反应 ⑤由乙烯制备聚乙烯 ⑥将氧气转化为臭氧
⑦乙烯催熟果实 ⑧将苯加入溴水中 ⑨海水蒸馏制取淡水",①②③④,①②⑤⑦,①⑧⑨,①②⑥⑨,,,"C
【解析】②煤的干馏是化学变化，③石油的裂化是化学变化，④铝热反应是化学变化，⑤由乙烯制备聚乙烯是化学变化，⑦乙烯催熟果实是化学变化，⑧将苯加入溴水中是萃取，是物理变化，⑨海水蒸馏制取淡水是物理变化，选C。",0
79,79,向某溶液中滴入少量含 $Ag^+$的溶液，生成淡黄色沉淀，过滤出沉淀，在滤液中滴入 KSCN溶液，不显红色，再滴入氯水，溶液变红色，则该溶液是____,$CaBr_2$溶液,$FeCl_2$溶液,$FeBr_2$溶液,$FeCl_2$溶液,,,"## 解析：

本题考查了离子的检验，明确亚铁离子及铁离子的检验方法即可，注意掌握常见离子的性质及检验方法，试题培养了学生的灵活应用能力。  某溶液中滴入少量含$Ag^{+}$的溶液，生成淡黄色沉淀，过滤出沉淀，在滤液中滴入KSCN溶液，不显红色，再滴入氯水，溶液变红色，该溶液中一定含有$Fe^{2+}$、一定不含$Ag^{+}$、一定含有$Br^{-}$， 故C正确。 故选C。

C

## 最终答案：

\(\boxed{C}\)",0
80,80,《五金·铁》中记载：“若造熟铁，则生铁流出时，相连数尺内，低下数寸，筑一方塘，短墙抵之。其铁流入塘内，数人执柳木排立墙上……众人柳棍疾搅，即时炒成熟铁。”以下说法不正确的是____,金属冶炼方法由金属活动性决定,熟铁比生铁质地更硬，延展性稍差,炒铁是为了降低铁水中的碳含量,该法与近代往生铁水中吹空气炼钢异曲同工,,,"## 解析：

A．金属冶炼方法与金属活动性有关，一般来说，活泼金属用电解法，较活泼金属用热还原法，不活泼金属如Hg、Ag等用热分解法冶炼，故A正确；

B．生铁为铁、碳的合金，硬度大，熔点低，与纯铁相比，生铁更硬，故B错误；

C．生铁是含碳量大于\(\rm2\%\)的铁碳合金，为降低碳的含量，可以通过炒铁的方式实现，故C正确；

D．该方法与近代往生铁水中吹空气炼钢原理类似，都是为了降低含碳量，故D正确。

## 最终答案：

\(\boxed{B}\)",0
81,81,下列说法错误的是____,催化剂可以改变化学反应速率,食物放在冰箱中会减慢食物变质的速率,2mol $SO_2$与 1mol $O_2$混合一定能生成2mol $SO_3$,锌与稀硫酸反应时，加入少量铜粉能加快产生氢气的速率,,,"## 解析：

本题考查的是化学反应速率的影响因素，如温度、催化剂、反应物浓度和压强等。题目难度不大，但需注意影响化学反应速率的因素。

- A. 催化剂可以改变化学反应速率，这是正确的，因为催化剂能够降低反应的活化能，从而加快反应速率。
- B. 温度降低，化学反应速率减慢，所以食物放在冰箱中会减慢食物变质的速率，这也是正确的。
- C. 反应 \(2\text{SO}_2 + \text{O}_2 \rightleftharpoons 2\text{SO}_3\) 是一个可逆反应，反应物不可能完全转化为生成物，因此2mol \(SO_2\) 与 1mol \(O_2\) 混合不能生成 2mol \(SO_3\)，这是错误的。
- D. 锌与稀硫酸反应时，加入少量铜粉，可以形成原电池，从而加快产生氢气的速率，这是正确的。

综上所述，选项C的说法是错误的，因此正确答案是C。

## 最终答案：

\(\boxed{C}\)",0
82,82,当光束通过下列分散系时，能观察到丁达尔效应的是____,盐酸,$Fe(OH)_3$胶体,NaCl溶液,$CuSO_4$溶液,,,"## 解析：

胶体粒子的微粒直径在1-100nm之间，分散质微粒直径小于1-100nm的是溶液，大于1-100nm的是浊液；盐酸、氯化钠溶液、硫酸铜溶液属于溶液，无丁达尔效应；氢氧化铁胶体分散质大小：1nm～100nm，属于胶体，有丁达尔效应；故选：B。分散系分为溶液、胶体、浊液。丁达尔效应是指：当一束光线透过胶体，从入射光的垂直方向可以观察到胶体里出现的一条光亮的“通路。丁达尔现象是胶体特有的性质，抓住这一特点即可。本题考查了胶体的性质应用，注意丁达尔效应是胶体特有的性质，是本题的关键，题目难度不大。

## 最终答案：

\(\boxed{B}\)",0
83,83,短周期元素W、X、Y、Z的原子序数依次增加，Y和W、Y和Z分别相邻，且W、Y和Z三种元素的原子最外层电子数之和为19，x原子的电子层数与最外层电子数相等。下列说法错误的是____,单质的沸点：Y>W>Z,离子半径：X<Y,气态氢化物的稳定性：W>Y,W与X可形成离子化合物,,,"## 解析：

短周期元素W、X、Y、Z的原子序数依次增加，且X原子的电子层数与最外层电子数相等，最外层电子数不超过8个，X的电子层数和最外层电子数都为2，则X是Be元素；Y和W、Y和Z分别相邻，则Y和W、Y和Z分别位于同一周期；W、Y和Z三种元素的原子最外层电子数之和为19，最外层电子数不超过8个，则Y和W、Y和Z分别位于第ⅥA族、第ⅦA族，且Y的原子序数大于W的原子序数，则Y是O元素，W是N元素，Z是F元素。

A. 单质的沸点：氧气和氮气分子间均存在分子间作用力，相对分子质量越大沸点越高，则单质的沸点：\(\text{O}_2 > \text{N}_2\)；氟气分子间存在分子间作用力，相对分子质量越大沸点越高，但稀有气体中不含分子间作用力，则单质的沸点：\(\text{O}_2 > \text{N}_2 > \text{F}_2\)，故A正确；

B. 电子层数越多，其离子半径越大，则离子半径：\(\text{Be}^{2+} < \text{O}^{2-}\)，故B正确；

C. 元素的非金属性越强，其氢化物越稳定，非金属性\(\text{O} > \text{N}\)，则气态氢化物的稳定性：\(\text{H}_2\text{O} > \text{NH}_3\)，故C错误；

D. W与X可形成离子化合物氮化铍，故D正确。

综上所述，本题答案选C。

## 最终答案：

\(\boxed{\text{C}}\)",0
84,84,下列离子方程式不正确的是____,氯气和水反应：$Cl_2+H_2O  \rightleftharpoons  H^++Cl^-+HClO$,铁与稀盐酸反应：$Fe+2H^+=Fe^{2+}+H_2 \uparrow$,碳酸氢铵溶液与足量澄清石灰水反应：$HCO_{3-}+Ca^{2+} +OH^{-}=CaCO_3\downarrow+H_2O$,少量二氧化硫气体通入FeCl3溶液中：$2Fe^{3+}+SO_{2}+2H_2O=2Fe^{2+}+4H^{+}+SO_4^{2-}$,,,"## 解析：

A. 氯气和水反应生成盐酸和次氯酸，离子方程式为：\(\ce{Cl2 + H2O <=> H+ + Cl- + HClO}\)，故A正确；

B. 铁与稀盐酸反应生成氯化亚铁和氢气，离子方程式为：\(\ce{Fe + 2H+ -> Fe^{2+} + H2 \uparrow}\)，故B正确；

C. 碳酸氢铵溶液与足量澄清石灰水反应生成碳酸钙沉淀、一水合氨和水，正确的离子方程式为：\(\ce{NH4+ + HCO3- + Ca^{2+} + 2OH- -> CaCO3 \downarrow + NH3\cdot H2O + H2O}\)，故C错误；

D. 少量二氧化硫气体通入\(\ce{FeCl3}\)溶液中，离子方程式为：\(\ce{2Fe^{3+} + SO2 + 2H2O -> 2Fe^{2+} + 4H+ + SO4^{2-}}\)，故D正确。

本题考查了离子方程式的书写，明确反应实质及离子方程式书写方法是解题关键，注意离子反应遵循客观事实、遵循原子个数、电荷数守恒规律，题目难度不大。

## 最终答案：

\(\boxed{C}\)",0
85,85,取等物质的量的镁粉和铝粉混合，再将混合物平分为四份，分别加入足量的下列溶液中，充分反应后放出氢气最多的是____,3 mol/L的盐酸,4 mol/L 的硝酸,8 mol/L 的氢氧化钠溶液,18 mol/L的硫酸,,,"D

D

## 解析：

本题考查镁、铝的性质。  Mg、Al与盐酸反应都生成氢气；Mg、Al与硝酸反应不生成氢气；Mg不与氢氧化钠反应，而铝与氢氧化钠反应生成氢气；Mg与浓硫酸反应生成二氧化硫，而Al与浓硫酸反应发生钝化，不生成氢气。相同质量的镁和铝，铝提供的电子数多。所以生成氢气多的是盐酸，故A正确。 故选A。

A

## 最终答案：

\(\boxed{A}\)",0
86,86,下列变化属于化学变化的是____,石油分馏,碘片升华,煤的干馏,蔗糖溶于水,,,C,0
87,87,下列关于药物的使用说法正确的是____,虽然药物能治病，但大部份药物有毒副作用,使用青霉素时，不用进行试验直接静脉注射,长期大量使用阿司匹林可预防疾病，没有副作用,我们生病了都可以到药店自己买药吃，不用到医院,,,"A
## 解析：

服用任何药物都有一定的副作用，应在医生指导下服用，因此选项A“虽然药物能治病，但大部份药物有毒副作用”是正确的。

## 最终答案：

\(\boxed{A}\)",0
88,88,在一定温度下难溶盐AgCl饱和溶液中，$Ag^+$与$Cl^-$的物质的量浓度类似于水中$c(H^+)$和$c(OH^-)$的关系，即$c(Ag^+) · c(Cl^-)=Ksp$（常数）。下列溶液中：①20 mL 0.1 $mol·L^{-1}(NH_4)_2CO_3$溶液，②$30 mL 0.02 mol·L^{-1}CaCl_2$溶液，③$40 mL 0.03 mol·L^{-1}$盐酸，④10 mL $H_2O$，⑤$50 mL 0.05 mol·L^{-1}AgNO_3$ 溶液，AgCl的溶解度由大到小的顺序为____,①②③④⑤,①④③②⑤,⑤④①②③,④③⑤②①,,,"B
## 解析：

影响沉淀溶解平衡的因素有：温度、浓度、同离子效应等。本题中，温度不变，因此主要考虑同离子效应。

在①20 mL 0.1 \(\text{mol·L}^{-1}\) \((\text{NH}_4)_2\text{CO}_3\) 溶液中，\(\text{NH}_4^+\) 和 \(\text{CO}_3^{2-}\) 会抑制 \(\text{AgCl}\) 的溶解。

在②30 mL 0.02 \(\text{mol·L}^{-1}\) \(\text{CaCl}_2\) 溶液中，\(\text{Cl}^-\) 会抑制 \(\text{AgCl}\) 的溶解。

在③40 mL 0.03 \(\text{mol·L}^{-1}\) 盐酸中，\(\text{H}^+\) 会抑制 \(\text{AgCl}\) 的溶解。

在④10 mL \(\text{H}_2\text{O}\) 中，没有其他离子的影响，因此 \(\text{AgCl}\) 的溶解度最大。

在⑤50 mL 0.05 \(\text{mol·L}^{-1}\) \(\text{AgNO}_3\) 溶液中，\(\text{Ag}^+\) 会抑制 \(\text{AgCl}\) 的溶解。

综上所述，\(\text{AgCl}\) 的溶解度由大到小的顺序为：①②③④⑤。因此，正确答案为 B。

## 最终答案：

\(\boxed{B}\)",0
89,89,雌黄($As_2S_3$)在我国古代常用作书写涂改修正胶。浓硝酸氧化雌黄可制得硫黄，并生成砷酸和一种红棕色气体，利用此反应原理设计为某原电池。下列有关叙述正确的是____,砷酸的分子式为$H_2AsO_4$,红棕色气体在该原电池的负极区生成并逸出,该反应的氧化剂和还原剂物质的量之比为12：1,该反应中每析出4.8g硫黄，则转移0.5mol电子,,,"C
## 解析：

A、砷酸为三元酸，分子式为$H_3AsO_4$，故A错误；B、浓硝酸中氮的化合价为+5价，生成的红棕色气体为二氧化氮，发生还原反应，为正极反应，故B错误；C、由$As_2S_3$→$H_3AsO_4$，As的化合价由+3价升高到+5价，As化合价升高为1，$1molAs_2S_3$失去2mol电子，$2molHNO_3$到$2NO_2$氮的化合价由+5价降低到+4价，得到1mol电子，得失电子的最小公倍数为2，故反应的化学方程式为$As_2S_3+2HNO_3+1H_2O=2H_3AsO_4+2NO_2↑+H_2S$，反应中氧化剂和还原剂物质的量之比为2：1，故C正确；D、$As_2S_3$→$H_3AsO_4$，As的化合价由+3价升高到+5价，S的化合价由-2价升高到0价，生成1mol硫黄，转移3mol电子，故D错误；故选C。

C

## 最终答案：

\(\boxed{C}\)",0
90,90,下列元素属于第ⅠA族的是____,氟,钾,磷,铁,,,"## 解析：

本题考查元素周期表的结构，属于高频考点，侧重于双基的考查，难度不大，注意把握元素周期表的结构以及元素周期律等基础知识。  A.氟为第ⅦA族，故A错误； B.钾为第ⅠA族，故B正确； C.磷为第ⅤA族，故C错误； D.铁为ⅤⅢ族，故D错误。 故选B。

B

## 最终答案：

\(\boxed{B}\)",0
91,91,在同温同压下，相同质量的下列气体中，体积最大的是____,$NH_3$,$SO_2$,$O_2$,$H_2$,,,"## 解析：

本题考查阿伏加德罗定律及其推论，难度不大，可以通过$PV=nRT$公式推导理解。在同温同压下，相同质量的气体，其体积与摩尔质量成反比，即摩尔质量越小，气体所占体积越大。已知各选项的摩尔质量分别为：$NH_3$的摩尔质量为$17 \, \text{g/mol}$，$SO_2$的摩尔质量为$64 \, \text{g/mol}$，$O_2$的摩尔质量为$32 \, \text{g/mol}$，$H_2$的摩尔质量为$2 \, \text{g/mol}$。因此，$H_2$的摩尔质量最小，体积最大，故正确答案为D。

## 最终答案：

\(\boxed{D}\)",0
92,92,"用石灰水保存鲜蛋是一种化学保鲜法。石灰水能保存鲜蛋的原理是____
   ①石灰具有强碱性，杀菌能力强；
   ②$Ca(OH)_2$能与CO_2鲜蛋呼出的反应，生成碳酸钙薄膜，起保护作用；
   ③石灰水是电解质溶液，能使蛋白质凝聚；
   ④石灰水能渗入蛋内中和酸性物质。",①②,③④,②④,①③,,,A,0
93,93,关于合理饮食有利于健康的下列说法正确的是____,没有水就没有生命,饮用水越纯净越好,养成良好的饮食习惯，多吃蔬菜、水果等碱性食物,调味剂和营养剂加得越多越好,,,"AC
## 解析：

A. 水是生命之源，人类时刻离不开水，因此没有水就没有生命，所以选项A正确；
B. 水中含有微量元素，有些微量元素是人体必需的，因此饮用水并非越纯净越好，所以选项B错误；
C. 蔬菜和水果富含维生素，对人体健康有诸多益处，因此养成良好的饮食习惯，多吃蔬菜、水果等碱性食物是正确的，故选项C正确；
D. 调味剂和营养剂的添加量应符合国家标准，过多摄入可能对人体健康造成不利影响，所以选项D错误。

## 最终答案：

\(\boxed{A,C}\)",0
94,94,将滴有甲基橙的磷酸一氢钠溶液加热，溶液的颜色变化是____,橙色黄色,黄色橙色,橙色红色,颜色不变,,,"## 解析：

本题考查甲基橙的变色范围，题目难度不大，注意知识的积累。甲基橙的变色范围是 \(3.1-4.4\)，而磷酸一氢钠溶液的 \(\text{pH}\) 值大于 7，溶液呈碱性。当溶液加热时，由于 \(\text{HPO}_4^{2-}\) 离子的水解程度增加，导致溶液的碱性增强，\(\text{pH}\) 值增大。因此，随着 \(\text{pH}\) 值的增大，甲基橙的颜色会从黄色变为橙色，再变为红色。因此，溶液的颜色变化是橙色变为黄色，故正确答案为 B。

## 最终答案：

\(\boxed{B}\)",0
95,95,福尔马林是一种良好的杀菌剂，它属于____,纯净物,混合物,化合物,单质,,,"## 解析：

福尔马林是甲醛的水溶液，属于混合物，答案选B。

B

## 最终答案：

\(\boxed{B}\)",0
96,96,"下列实验操作均要用玻璃棒，其中玻璃棒作用相同的是____
① 过滤     ② 蒸发     ③ 溶解     ④ 向容量瓶转移液体",①和②,①和③,③和④,①和④,,,"## 解析：

玻璃棒在不同实验操作中的作用如下：① 过滤时，玻璃棒用于引流；② 蒸发时，玻璃棒用于搅拌，以防止局部过热导致液体飞溅；③ 溶解时，玻璃棒用于搅拌，以加速溶解过程；④ 向容量瓶转移液体时，玻璃棒同样用于引流。因此，玻璃棒作用相同的是①和④，即过滤和向容量瓶转移液体时，玻璃棒均用于引流。故正确答案为D。

## 最终答案：

\(\boxed{D}\)",0
97,97,下述关于烃的说法中，正确的是____,烃是指仅含有碳和氢两种元素的有机物,烃是指分子里含碳元素的化合物,烃是指燃烧反应后生成二氧化碳和水的有机物,烃是指含有碳和氢元素的化合物,,,"## 解析：

A：烃是指仅含有碳和氢两种元素的有机物，所以A正确；B：烃是指仅含有碳和氢两种元素的有机物，此项缺少了有机物这个概念，B 错误；C：燃烧生成二氧化碳和水的有机物不一定是烃，烃需要满足两个条件：只含C、H两种元素，属于有机物，C 错误；D：含有碳和氢元素的化合物，不一定属于烃，例如乙醇等，烃需要满足两个条件：只含C、H两种元素，属于有机物，D 错误。

A

## 最终答案：

\(\boxed{A}\)",0
98,98,下列物质中主要成分属于硅酸盐的是____,烧碱,水泥,石灰石,胆矾,,,"## 解析：

本题考查无机非金属材料中的硅酸盐产品，做题时把握好硅酸盐的定义即可，注意大理石和石灰石的主要成分是碳酸钙，D项中胆矾是硫酸铜晶体，为盐，难度不大。

- A. 烧碱的成分是 \(\text{NaOH}\)，不属于硅酸盐，故A错误；
- B. 水泥成分包括硅酸二钙 \(\text{Ca}_2\text{SiO}_4\)、硅酸三钙 \(\text{Ca}_3\text{SiO}_5\)、铝酸三钙 \(\text{Ca}_3\text{Al}_2\text{O}_6\)，属于硅酸盐，故B正确；
- C. 石灰石的主要成分是碳酸钙 \(\text{CaCO}_3\)，不属于硅酸盐，故C错误；
- D. 胆矾是硫酸铜晶体 \(\text{CuSO}_4 \cdot 5\text{H}_2\text{O}\)，不属于硅酸盐，故D错误。

## 最终答案：

\(\boxed{B}\)",0
99,99,同质量的锌与酸反应制备$H_2$，欲使反应速率最大，下列条件中最佳组合是____①纯锌片；②粗锌片；③0.01 mol/L盐酸；④0.01 mol/L硫酸；⑤98%硫酸；⑥加热；⑦用冰水冷却,①③⑦,②④⑥,②③⑥,①⑤⑥,,,"B

同质量的锌与酸反应制备$H_2$，欲使反应速率最大，则要求固体的表面积最大，酸的浓度大且不放出有毒气体。纯锌片与酸反应产生的$H_2$速率较粗锌慢，因为粗锌片中含有杂质，可以与锌形成原电池，加快速率；0.01 mol/L盐酸与0.01 mol/L硫酸相比，后者放出的$H_2$速率快；98%硫酸常温下使锌钝化；加热可以加快反应速率；用冰水冷却会减慢反应速率。综上所述，最佳组合为②④⑥，故选B。",0
100,100,利用太阳能分解制氢，若光解0.02mol水，下列说法正确的是____,可生成$H_2$的质量为0.02g,可生成氢的原子数为$2.408×10^{23}$个,可生成$H_2$的体积为0.224L(标准状况),生成$H_2$的量理论上等于0.04mol Na与水反应产生$H_2$的量,,,"## 解析：

根据水分解的化学方程式可知，生成氢气的物质的量是0.02 mol。A中生成氢气的质量应该是0.04 g；B中生成氢原子的个数是$2.408 \times 10^{23}$；C中氢气体积是0.448 L；D中钠的物质的量是0.04 mol，生成氢气的物质的量是0.02 mol。因此，正确答案是B。

## 最终答案：

\\(\boxed{\text{B}}\\)",0
101,101,已知$RO_3^{2-}$的R核内有x个中子，R的质量数为A，则m g $RO_3^{2-}$含有电子的物质的量为____,m(A+26-x)/(A+48),m(A-x-48)/(A+48),(A-x+50)/Am,m(A-x+2)/A,,,"## 解析：

根据电荷守恒，一个 \(\text{RO}_3^{2-}\) 离子含有 \((A - x + 2)\) 个电子。因此，\(m\) g \(\text{RO}_3^{2-}\) 含有电子的物质的量为 \(\frac{m}{A} \times (A - x + 2) = \frac{m(A - x + 2)}{A}\)。

## 最终答案：

\(\boxed{D}\)",0
102,102,下列各物质完全燃烧，产物除二氧化碳和水外，还有其他物质的是____,甲烷,乙烯,氯乙烯,乙醇,,,"## 解析：

A．甲烷的分子式为 \(\text{CH}_4\)，只含碳和氢两种元素，完全燃烧只生成二氧化碳 \(\text{CO}_2\) 和水 \(\text{H}_2\text{O}\)，故A错误；

B．乙烯的分子式为 \(\text{C}_2\text{H}_4\)，只含碳和氢两种元素，完全燃烧只生成二氧化碳 \(\text{CO}_2\) 和水 \(\text{H}_2\text{O}\)，故B错误；

C．氯乙烯的分子式为 \(\text{C}_2\text{H}_3\text{Cl}\)，含有碳、氢、氯三种元素，完全燃烧除生成二氧化碳 \(\text{CO}_2\) 和水 \(\text{H}_2\text{O}\) 外，还生成氯化氢 \(\text{HCl}\)，故C正确；

D．乙醇的分子式为 \(\text{C}_2\text{H}_6\text{O}\)，含有碳、氢、氧三种元素，完全燃烧除生成二氧化碳 \(\text{CO}_2\) 和水 \(\text{H}_2\text{O}\) 外，还生成氧气 \(\text{O}_2\)，故D错误。

本题考查有机物分子式的确定，题目难度不大，注意根据质量守恒定律进行判断。

## 最终答案：

\(\boxed{C}\)",0
103,103,"已知：$2C(s)+O_{2}(g)=2C O(g)$，$\Delta H=-217kJ \cdot mol^{-1}$，$C(s)+H_2O(g)=CO(g)+H_2(g)$，$\Delta H=b kJ \cdot mol^{-1}$,H—H、O—H和O=O键的键能分别为 $ 436 kJ \cdot mol^{-1}$,$ 462 kJ \cdot mol^{-1}$，$ 495 kJ \cdot mol^{-1}$,则b为：____",$+352$,$+132$,$-120$,$-330$,,,"## 解析：

根据盖斯定律，由第二个热化学方程式乘以2再减去第一个热化学方程式可得：
\[ 2H_2O(g) \rightarrow O_2(g) + 2H_2(g) \]
\[ \Delta H = +4b \, \text{kJ} \cdot \text{mol}^{-1} \]

已知H—H、O—H和O=O键的键能分别为 \( 436 \, \text{kJ} \cdot \text{mol}^{-1} \)、\( 462 \, \text{kJ} \cdot \text{mol}^{-1} \) 和 \( 495 \, \text{kJ} \cdot \text{mol}^{-1} \)，因此反应的焓变 \(\Delta H\) 可表示为：
\[ \Delta H = (462 \, \text{kJ} \cdot \text{mol}^{-1}) \times 4 - (436 \, \text{kJ} \cdot \text{mol}^{-1}) \times 2 - (495 \, \text{kJ} \cdot \text{mol}^{-1}) \]
\[ \Delta H = 1848 \, \text{kJ} \cdot \text{mol}^{-1} - 872 \, \text{kJ} \cdot \text{mol}^{-1} - 495 \, \text{kJ} \cdot \text{mol}^{-1} \]
\[ \Delta H = +132 \, \text{kJ} \cdot \text{mol}^{-1} \]

因此，\( b = +132 \)。所以正确答案是 B。

## 最终答案：

\\(\boxed{B}\\)",0
104,104,化学与生产、生活密切相关。下列叙述错误的是____,氯化铁、硫酸亚铁是优良的净水剂,石灰石在高温下可用于消除燃煤烟气中的$SO_2$,传感膜是能够将化学能转化为电能的功能高分子膜,碳酸钡可用于肠胃X射线造影检查,,,"## 解析：

A. 铁离子、亚铁离子水解生成胶体，具有吸附性，可用于净化水，故A正确；B. 石灰石在高温下分解为CaO，可与$SO_2$反应，可用于消除燃煤烟气中的$SO_2$，故B正确；C. 传感膜可将化学能转化为电能，为功能高分子材料，故C正确；D. 碳酸钡可溶于盐酸，生成有毒的钡离子，不能用于肠胃X射线造影检查，应选硫酸钡，故D错误。本题考查物质的性质及应用，为高频考点，把握物质的性质、性质与用途为的关键，侧重分析与应用能力的考查，注意元素化合物知识的应用，题目难度不大。

## 最终答案：

\(\boxed{D}\)",0
105,105,下列说法正确的是____,化学反应中化学能只能转化为热能,可逆反应达到平衡后，正、逆反应速率均为0,$N_2$和$H_2$反应达到平衡后，无$N_2$或$H_2$剩余,化学反应中一定有化学键的断裂和生成,,,"## 解析：

本题考查了化学反应中的能量变化、化学反应的可逆性、化学平衡的特点、化学反应的实质，题目难度不大，注意可逆反应达到平衡状态时，正逆反应速率相等但不等于$0$。

- A. 化学反应中能量转化形式有多种，如碳燃烧时化学能转化为热能和光能，故A错误；
- B. 可逆反应达到平衡后，正、逆反应速率相等但不为$0$，故B错误；
- C. 可逆反应不能完全进行到底，\(\mathrm{N_2}\)和\(\mathrm{H_2}\)反应达到平衡后，有\(\mathrm{N_2}\)或\(\mathrm{H_2}\)剩余，故C错误；
- D. 化学反应的实质是旧键的断裂和新键的形成，所以化学反应中一定有化学键的断裂和生成，故D正确。

## 最终答案：

\(\boxed{D}\)",0
106,106,常温下混合下列各组物质，能反应产生气体的是____,铜跟稀硝酸,铝跟浓硝酸,银跟浓盐酸,铁跟浓硫酸,,,A,0
107,107,下列离子方程式书写正确的是____,铝粉投入氢氧化钠溶液中:$2Al+2OH^- = 2AlO_2^-+H_2\uparrow $,氯化铝溶液中加入足量的氨水:$Al^{3+} +3NH_3 \cdot H_2O = Al(OH)_3\downarrow  +3NH_4^+$,氯化铁溶液中加入铁粉:$Fe^{3+} + Fe = 2Fe^{2+}$,氯化亚铁溶液跟氯气反应:$Fe^{2+}+Cl_2 = Fe^{3+} + 2Cl^-$,,,"## 解析：

A 选项中，铝粉投入氢氧化钠溶液中的离子方程式应为：\[2\text{Al} + 2\text{OH}^- + 2\text{H}_2\text{O} = 2\text{AlO}_2^- + 3\text{H}_2\uparrow\]，因此 A 选项错误。

B 选项中，氯化铝溶液中加入足量的氨水的离子方程式为：\[\text{Al}^{3+} + 3\text{NH}_3 \cdot \text{H}_2\text{O} = \text{Al(OH)}_3\downarrow + 3\text{NH}_4^+\]，此方程式书写正确，因此 B 选项正确。

C 选项中，氯化铁溶液中加入铁粉的离子方程式应为：\[2\text{Fe}^{3+} + \text{Fe} = 3\text{Fe}^{2+}\]，因此 C 选项错误。

D 选项中，氯化亚铁溶液跟氯气反应的离子方程式应为：\[2\text{Fe}^{2+} + \text{Cl}_2 = 2\text{Fe}^{3+} + 2\text{Cl}^-\]，因此 D 选项错误。

本题考查离子方程式的书写。

## 最终答案：

\(\boxed{B}\)",0
108,108,下列固体混合物与过量的稀H2SO4反应，能产生气泡并有沉淀生成的是____,$NaHCO_3$和$Al(OH)_3$,$BaCl_2$和NaCl,$KClO_3$和$K_2SO_3$,$Na_2CO_3$和$BaCO_3$,,,A,0
109,109,下列各组离子能大量共存的是____,$H^+、Na^+、HCO_3^-、Cl^-$,$Fe^{3+}、SCN^-、Cl^-、NO_3^-$,$Mg^{2+}、Fe^{2+}、SO_4^{2-}、NO_3^-$,$Fe^{3+}、SO_4^{2-}、OH^-、NO_3^-$,,,"## 解析：

本题考查离子共存的正误判断，为中等难度的试题，注意明确离子不能大量共存的一般情况：能发生复分解反应的离子之间； 能发生氧化还原反应的离子之间；能发生络合反应的离子之间(如 \(\text{Fe}^{3+}\) 和 \(\text{SCN}^-\)) 等；试题侧重对学生基础知识的训练和检验，有利于培养学生的逻辑推理能力，提高学生灵活运用基础知识解决实际问题的能力。

A. \(\text{HCO}_3^-\) 与 \(\text{H}^+\) 反应生成二氧化碳气体和水，不能大量共存，故A错误；

B. \(\text{Fe}^{3+}\) 与 \(\text{SCN}^-\) 发生络合反应，不能大量共存，故B错误；

C. \(\text{Mg}^{2+}\)、\(\text{Fe}^{2+}\)、\(\text{SO}_4^{2-}\)、\(\text{NO}_3^-\) 相互不反应，能大量共存，故C正确；

D. \(\text{Fe}^{3+}\) 与 \(\text{OH}^-\) 反应生成氢氧化铁沉淀，不能大量共存，故D错误。

## 最终答案：

\(\boxed{C}\)",0
110,110,下列物质中，其主要成分不属于烃的是____,汽油,甘油,煤油,柴油,,,"## 解析：

本题主要考查有机物的分类，题目难度不大，注意掌握常见有机物的结构与性质，根据物质的名称判断其组成与结构。烃只含有\(\text{C}\)、\(\text{H}\)元素，汽油、煤油、柴油为烃类混合物，以此作答。甘油为丙三醇，是醇类，不是烃，汽油、煤油、柴油为碳原子数在不同范围内的烃类混合物，多为烷烃。因此，选项B正确。

## 最终答案：

\(\boxed{B}\)",0
111,111,"下列物质中属于高分子化合物的是:____
 ①蛋白质  ②氨基酸  ③油脂  ④淀 粉  ⑤氯乙烯  ⑥纤维素  ⑦聚乙烯",只有①⑦,除②外都是,只有①④⑥⑦,只有①③,,,"## 解析：

蛋白质、淀粉、纤维素和聚乙烯都是高分子化合物，而氨基酸、油脂、氯乙烯的相对分子质量较小，不属于高分子化合物。因此，正确答案是C，即只有①蛋白质、④淀粉、⑥纤维素和⑦聚乙烯属于高分子化合物。

## 最终答案：

\\(\boxed{C}\\)",0
112,112,下列物质能跟溴水反应产生白色沉淀的是____,$AgNO_3$ 溶液,$C_6H_5OH$,KI 溶液,$CH_2=CH_2$,,,"## 解析：

A. 溴水中含有溴离子，能够与银离子反应生成溴化银沉淀，故A正确；B. 苯酚与溴水发生取代反应生成三溴苯酚，三溴苯酚为白色沉淀，故B正确；C. KI溶液与溴水反应生成碘单质，碘单质溶于水，得不到固体，故C错误；D. 乙烯能够与溴水发生加成反应，生成无色的1,2-二溴乙烷，故D错误。

## 最终答案：

\(\boxed{A,B}\)",0
113,113,X、Y、Z都是第三周期元素，核电荷数依次增大，X的氧化物对应的水化物的碱性最强，Z的原子半径最小。据此判断下列说法不正确的是____,X是第ⅠA元素，Z是第ⅦA元素,X、Y、Z三捉元素的最高化合价逐渐碱小,Z的最高价氧化物对应的水化物是强酸,X、Z形成的化合物是离子化合物,,,"## 解析：

本题考查元素周期律及元素推断，为高考常见题型和高频考点，把握第三周期元素的性质及元素推断为关键，注意碱金属的性质递变规律，题目难度不大。X、Y、Z都是第三周期元素，核电荷数依次增大，X的氧化物对应的水化物的碱性最强，则X为Na元素，Z的原子半径最小，则Z为Cl元素，Y原子序数在11～17之间，据此回答。

A. X是第ⅠA族元素，Z是第ⅦA族元素，故A正确；

B. X、Y、Z三种元素从左到右排列顺序为：Na、Mg、Cl，最高化合价逐渐增大，故B错误；

C. Z的最高价氧化物对应的水化物是\(\text{HClO}_4\)，属于强酸，故C正确；

D. \(\text{Na}\)与\(\text{Cl}\)形成的化合物是\(\text{NaCl}\)，属于离子化合物，故D正确。

## 最终答案：

\(\boxed{B}\)",0
114,114,下列关于新制氯水和久置氯水的说法中不正确的是____,新制氯水呈黄绿色，久置氯水无色,新制氯水漂白能力强，而久置的氯水几乎无漂白作用,新制的氯水所含有微粒种类多，而久置氯水所含微粒种类少,新制的氯水中无氯离子，而久置的氯水中则含有氯离子,,,"## 解析：

根据反应 \(\rm{Cl_{2} + H_{2}O \rightleftharpoons HCl + HClO}\)，不难理解新制氯水中存在的微粒：三分子：\(\rm{Cl_{2}}\)、\(\rm{HClO}\)、\(\rm{H_{2}O}\)，四离子：\(\rm{H^{+}}\)、\(\rm{Cl^{-}}\)、\(\rm{ClO^{-}}\)、\(\rm{OH^{-}}\)。又因为 \(\rm{HClO}\) 不稳定，受热或光照时会分解 \(\rm{2HClO \xrightarrow{\text{光照}} 2HCl + O_{2} \uparrow}\)，所以久置氯水实际上就是盐酸溶液，其中含有 \(\rm{H_{2}O}\)、\(\rm{H^{+}}\)、\(\rm{Cl^{-}}\)、\(\rm{OH^{-}}\)。因此，新制的氯水中含有多种微粒，而久置的氯水中所含微粒种类较少。选项 D 中提到“新制的氯水中无氯离子，而久置的氯水中则含有氯离子”是不正确的，因为新制氯水中确实含有氯离子。

## 最终答案：

\(\boxed{D}\)",0
115,115,"X、Y、Z、W、M五种元素的原子序数依次增大。已知X、Y、Z、W是短周期元素中的四种非金属元素,X元素的原子形成的离子就是一个质子;Y原子的最外层电子数是内层电子数的2倍;Z、W在元素周期表中处于相邻的位置,它们的单质在常温下均为无色气体;M是地壳中含量最高的金属元素。下列说法正确的是____",五种元素的原子半径从大到小的顺序是:M>W>Z>Y>X,X、Z两元素能形成原子个数比(X∶Z)为3∶1和2∶1的化合物,化合物$YW_2$、$ZW_2$都是酸性氧化物,"用M单质作阳极、石墨作阴极电解$NaHCO_3$溶液,电解一段时间后,在阴极区会出现白色沉淀",,,"## 解析：

根据题目描述，X、Y、Z、W、M五种元素的原子序数依次增大。已知X、Y、Z、W是短周期元素中的四种非金属元素，X元素的原子形成的离子就是一个质子，因此X为氢元素（\(\text{H}\)）。Y原子的最外层电子数是内层电子数的2倍，Y有2个电子层，最外层电子数为4，因此Y为碳元素（\(\text{C}\)）。Z、W在元素周期表中处于相邻的位置，它们的单质在常温下均为无色气体，且Z的原子序数小于W，因此Z为氮元素（\(\text{N}\)），W为氧元素（\(\text{O}\)）。M是地壳中含量最高的金属元素，因此M为铝元素（\(\text{Al}\)）。

A. 根据同周期元素从左到右原子半径逐渐减小，同主族元素从上到下原子半径逐渐增大，氢原子比较最小，则五种元素的原子半径从大到小的顺序是：\(\text{M} > \text{Y} > \text{Z} > \text{W} > \text{X}\)，因此选项A错误。

B. X、Z两元素能形成化合物\(\text{NH}_3\)（氨气）和\(\text{N}_2\text{H}_4\)（肼），因此选项B正确。

C. 化合物\(\text{CO}_2\)（二氧化碳）是酸性氧化物，而\(\text{NO}_2\)（二氧化氮）不是酸性氧化物，因此选项C错误。

D. 用M单质作阳极、石墨作阴极电解\(\text{NaHCO}_3\)溶液，阳极上是铝失电子，阴极上是氢离子得电子生成氢气，同时生成氢氧根离子，氢氧根离子与碳酸氢根离子反应生成碳酸根离子，碳酸根离子与铝离子反应生成氢氧化铝沉淀，因此在阴极区会出现白色沉淀，选项D正确。

## 最终答案：

\(\boxed{\text{B}}\)",0
116,116,蛋白质在胃蛋白酶和胰蛋白酶的作用下变成氨基酸的反应属于____,消去反应,聚合反应,水解反应,酯化反应,,,"C
蛋白质在胃蛋白酶和胰蛋白酶的作用下变成氨基酸的反应属于水解反应。",0
117,117,工业制纯碱的化学史上，侯德榜使用而索尔维法没有使用的反应原理的化学方程式是____,$CO_2+NaCl+NH_3+H_20 \longrightarrow NaHCO_3\downarrow+NH_4Cl$,$2NaHCO_3 \stackrel{煅烧}{\longrightarrow}Na_2CO_3+H_2O+CO_2\uparrow $,$CaO+2NH_4\text{Cl}  \longrightarrow CaCl_2+2NH_3\uparrow+H_2O$,$NaHCO_3+NH_3+NaCl \longrightarrow Na_2CO_3+NH_4C l\downarrow$,,,"A
## 解析：

A. 联合制碱法中，首先向饱和氯化钠溶液中依次通入氨气、二氧化碳，反应的化学方程式为：\(\text{NaCl} + \text{CO}_2 + \text{NH}_3 + \text{H}_2\text{O} \rightarrow \text{NaHCO}_3 \downarrow + \text{NH}_4\text{Cl}\)，故A正确；

B. 碳酸氢钠受热分解生成碳酸钠、二氧化碳和水，反应的化学方程式为：\(2\text{NaHCO}_3 \xrightarrow{\text{煅烧}} \text{Na}_2\text{CO}_3 + \text{H}_2\text{O} + \text{CO}_2 \uparrow\)，故B错误；

C. 联合制碱法中，将过滤出的氯化铵溶液加入细小的石灰乳，搅拌，发生反应：\(2\text{NH}_4\text{Cl} + \text{Ca(OH)}_2 \rightarrow \text{CaCl}_2 + 2\text{H}_2\text{O} + 2\text{NH}_3 \uparrow\)，故C错误；

D. 联合制碱法中，向析出碳酸氢钠的反应液中加入细小的食盐颗粒，并通入氨气，使反应\(\text{NaHCO}_3 + \text{NH}_3 + \text{NaCl} \rightarrow \text{Na}_2\text{CO}_3 + \text{NH}_4\text{Cl} \downarrow\)得以发生，故D错误。

本题考查了纯碱工业的原理，题目难度中等。明确联合制碱法原理为关键，注意掌握索尔维制碱法与侯德榜制碱法的区别，试题有利于提高学生的分析、理解能力及化学实验能力。

## 最终答案：

\(\boxed{A}\)",0
118,118,下列原子的价电子排布中，对应元素第一电离能最大的是____,$3s^23p^1$,$3s^23p^2$,$3s^23p^3$,$3s^23p^4$,,,"## 解析：

选项中价电子排布所对应的元素分别是：A．Al，B．Si，C．P，D．S。根据元素周期律可知，第一电离能最大的是P。

## 最终答案：

\(\boxed{C}\)",0
119,119,"赤铜矿的成分是$Cu_2O$，辉铜矿的成分是$Cu_2S$，将赤铜矿与辉铜矿混合加热有以下反应：$2Cu_2O+Cu_2S \stackrel{\bigtriangleup }{=} 6Cu+SO_2\uparrow $,对于该反应，下列说法正确的是____",该反应的氧化剂只有$Cu_2O$,Cu既是氧化产物，又是还原产物,$Cu_2S$既是氧化剂又是还原剂,还原产物与氧化产物的物质的量之比为1︰6,,,"## 解析：

根据反应方程式 \(2\text{Cu}_2\text{O} + \text{Cu}_2\text{S} \xrightarrow{\triangle} 6\text{Cu} + \text{SO}_2 \uparrow\)，可以分析各选项的正确性：

A. 该反应的氧化剂包括 \(\text{Cu}_2\text{O}\) 和 \(\text{Cu}_2\text{S}\)，因此氧化剂不仅有 \(\text{Cu}_2\text{O}\)，选项A错误；

B. 铜（\(\text{Cu}\)）的化合价从+2价降低到0价，因此铜是还原产物，但不是氧化产物，选项B错误；

C. \(\text{Cu}_2\text{S}\) 中铜的化合价降低，硫的化合价升高，因此 \(\text{Cu}_2\text{S}\) 既是氧化剂又是还原剂，选项C正确；

D. 通过反应方程式可以看出，还原产物（\(\text{Cu}\)）与氧化产物（\(\text{SO}_2\)）的物质的量之比为6:1，因此选项D错误。

综上所述，正确答案为C。

## 最终答案：

\(\boxed{C}\)",0
120,120,铁在下列情况下腐蚀最快的是____,铁放入海水中,将铁和锌连接后放入海水中,将铁和锌连接后放入淡水中,将铁和锡连接后放入海水中,,,"## 解析：

A. 铁放入海水中，海水中含有电解质，所以是形成原电池，金属铁是负极，发生氧化反应，腐蚀速率比B、C、D快，故A正确；
B. 将铁和锌连接后放入海水中，锌为负极，金属铁是正极，金属铁被保护，腐蚀速率较A慢，故B错误；
C. 将铁和锌连接后放入淡水中，锌为负极，金属铁是正极，金属铁被保护，腐蚀速率较A慢，故C错误；
D. 将铁和锡连接后放入海水中，金属铁是负极，发生氧化反应，腐蚀速率较C快，但比A慢，故D错误。

本题考查金属的电化学腐蚀与防护，题目难度不大，注意金属腐蚀的快慢规律，学习中注意相关知识的积累。

## 最终答案：

\(\boxed{A}\)",0
121,121,化学与生活、生产密切相关，下列说法正确的是____,强化木地板表面的氧化铝具有耐磨与阻燃的作用,在包装盒中放入生石灰，可防止月饼氧化变质,制作航天服的聚酯纤维属于新型无机非金属材料,福尔马林能使蛋白质发生变性，可用于浸制动物标本，也可作食品的保鲜剂,,,"## 解析：

A. 氧化铝（\(\text{Al}_2\text{O}_3\)）具有硬度大、熔点高的特性，因此强化木地板表面的氧化铝具有耐磨与阻燃的作用，故A正确；

B. 生石灰（\(\text{CaO}\)）不具有还原性，不能防止月饼被氧化，故B错误；

C. 聚酯纤维为有机高分子化合物，属于有机高分子材料，故C错误；

D. 福尔马林（甲醛的水溶液，\(\text{HCHO}\)）能使蛋白质发生变性，可用于浸制动物标本，但由于甲醛有毒，不能作为食品的保鲜剂，故D错误。

本题考查了元素化合物知识，侧重于生活中常用的化学知识，熟悉相关物质的性质是解题关键，题目难度不大，注意对相关知识的积累。

## 最终答案：

\(\boxed{\text{A}}\)",0
122,122,用NaCL固体配制一定物质的量浓度的溶液时，操作要领包括：①溶解；②定容；③转移；④计算；⑤称量⑥洗涤⑦摇匀等方面，其正确的操作顺序是____,①②⑥③④⑤⑦,④①②⑥③⑤⑦,④⑤①③⑥②⑦,④⑤③⑥②①⑦,,,"## 解析：

本题考查了用固体溶质配制一定物质的量浓度的溶液的方法。计算后，称量药品质量，溶解并冷却后，转移至容量瓶中，洗涤烧杯和玻璃棒2～3次并将洗涤液全部转移到容量瓶中，加水定容，最后摇匀。因此，正确的操作顺序是④⑤①③⑥②⑦。

## 最终答案：

\\(\boxed{\text{C}}\\)",0
123,123,"X、Y、Z三种气体，取X和Y按1:1的物质的量之比混合，放入密闭容器中发生如下反应：$X+2Y \rightleftharpoons 2Z$,达到平衡后，测得混合气体中反应物的总物质的量与生成物的总物质的量之比为3:2，则Y的转化率最接近于____",0.33,0.4,0.5,0.65,,,"## 解析：

设X和Y各消耗的物质的量为 \(x\)，则平衡时X、Y、Z的物质的量分别为 \(1-x\)、\(1-2x\)、\(2x\)。根据题意，反应物的总物质的量与生成物的总物质的量之比为3:2，可以列出方程：
\[
(1-x) + (1-2x) : 2x = 3 : 2
\]
解此方程得 \(x = 0.4\)。因此，Y的转化率为：
\[
\frac{0.4}{1} = 0.4
\]
即Y的转化率最接近于0.4，故选B。

## 最终答案：

\(\boxed{B}\)",0
124,124,"氮化铝广泛应用于电子陶瓷等工业领域。在一定条件下，AlN可通过反应:$Al_2O_3 + N_2 + 3C\stackrel{高温}{=}2AlN + 3CO$,下列叙述正确的是____",上述反应中，$N_2$是还原剂，$Al_2O_3$是氧化剂,上述反应中，AlN是氧化产物，CO是还原产物,AlN中氮的化合价为+3,上述反应中，每生成1 mol AlN需转移3 mol $e^-$,,,"## 解析：

A、反应$Al_2O_3 + N_2 + 3C\stackrel{高温}{=}2AlN + 3CO$中，氮元素化合价降低，$N_2$是氧化剂，碳元素化合价升高，所以C是还原剂，故A错误；B、反应$Al_2O_3 + N_2 + 3C\stackrel{高温}{=}2AlN + 3CO$中，氮元素化合价降低，所以生成的AlN是还原产物，碳元素化合价升高，生成的CO是氧化产物，故B错误；C、由化合价代数和为0可知，氮化铝中铝元素化合价为+3价，氮元素的化合价为-3，故C错误；D、反应$Al_2O_3 + N_2 + 3C\stackrel{高温}{=}2AlN + 3CO$中，化合价升高数目=化合价降低数目=化学反应转移电子数目=6，即每生成2molAlN需转移6mol电子，所以每生成1molAlN需转移3mol电子，故D正确。

## 最终答案：

\(\boxed{D}\)",0
125,125,下列物质含有离子键的是____,$Br_2$,$CO_2$,$KCL$,$H_2O$,,,"## 解析：

一般活泼的金属和活泼的非金属容易形成离子键，非金属元素的原子间容易形成共价键，据此可知，含有离子键的化合物是氯化钾，其余选项中都是共价键，答案选C。 点评：该题是基础性试题的考查，主要是考查学生对离子键和共价键含义以及判断的熟悉了解程度，意在巩固学生的基础，提高学生的能力。

C

## 最终答案：

\(\boxed{C}\)",0
126,126,短周期元素W、X、Y、Z的原子序数依次增大，且W、X、$Y^+$、Z的最外层电子数与其电子层数的比值依次为2、3、4、2(不考虑零族元素)。下列关于这些元素的叙述错误的是：____,X和其他三种元素均可形成至少2种二元化合物,W和X、Z两种元素分别形成的二元化合物中，均有直线形分子,W、X和Y三种元素可以形成碱性化合物,Z和其他三种元素形成的二元化合物，其水溶液均呈酸性,,,"## 解析：

由题目可知，W、X、Y、Z为短周期元素，且它们的原子序数依次增大。根据W、X、$Y^+$、Z的最外层电子数与其电子层数的比值依次为2、3、4、2（不考虑零族元素），可以推断出W、X、Y、Z分别为C、O、Na、S。

- A. O和其他三种元素均可形成至少2种二元化合物。例如，与C可形成CO和\(\text{CO}_2\)，与Na可形成\(\text{Na}_2\text{O}\)和\(\text{Na}_2\text{O}_2\)，与S可形成\(\text{SO}_2\)和\(\text{SO}_3\)，故A选项正确。
- B. W和X、Z两种元素分别形成的二元化合物中，均有直线形分子。例如，\(\text{CO}_2\)和\(\text{CS}_2\)均为直线形分子，故B选项正确。
- C. W、X和Y三种元素可以形成碱性化合物。W、X和Y三种元素可以形成\(\text{Na}_2\text{CO}_3\)，这是一种碱性化合物，故C选项正确。
- D. Z和其他三种元素形成的二元化合物，其水溶液均呈酸性。Z为S，与C、O、Na形成的二元化合物中，\(\text{Na}_2\text{S}\)的水溶液呈碱性，而\(\text{CS}_2\)和\(\text{SO}_2\)的水溶液呈酸性，因此D选项错误。

综上所述，D选项是错误的。

## 最终答案：

\(\boxed{D}\)",0
127,127,在强酸性溶液中，下列离子组能大量共存且溶液为无色透明的是____,$Na^+、K^+、OH^-、Cl^- $,$Na^+、Cu^{2+} 、SO_4^{2-}、NO_3^-$,$Mg^{2+}、Na^+、SO_4^{2-}、Cl^- $,$Ba^{2+}、HCO_3^-、NO_3^-、K^+$,,,"## 解析：

在强酸性溶液中，下列离子组能大量共存且溶液为无色透明的是____

- A. \(\text{Na}^+、\text{K}^+、\text{OH}^-、\text{Cl}^-\) ：\(\text{OH}^-\) 能与 \(\text{H}^+\) 反应生成水，因此不能大量共存，故 A 错误；
- B. \(\text{Na}^+、\text{Cu}^{2+}、\text{SO}_4^{2-}、\text{NO}_3^-\) ：\(\text{Cu}^{2+}\) 为蓝色离子，不符合无色透明的要求，故 B 错误；
- C. \(\text{Mg}^{2+}、\text{Na}^+、\text{SO}_4^{2-}、\text{Cl}^-\) ：这些离子之间不发生反应，也不与 \(\text{H}^+\) 反应，且均为无色离子，因此能大量共存，故 C 正确；
- D. \(\text{Ba}^{2+}、\text{HCO}_3^-、\text{NO}_3^-、\text{K}^+\) ：\(\text{HCO}_3^-\) 能与 \(\text{H}^+\) 反应生成水和二氧化碳，因此不能大量共存，故 D 错误。

综上所述，正确答案为 C。本题考查离子共存问题，解决此类问题的关键在于熟悉常见离子之间的反应，尤其是复分解反应的条件。

## 最终答案：

\(\boxed{C}\)",0
128,128,下列气体对呼吸道有刺激作用的是____,$O_2$,$N_2$,$CO_2$,$NH_3$,,,"## 解析：

本题考查了化学与生活的相关知识。选项A：\(\mathrm{O_2}\) 是空气的主要成分之一，对呼吸道无刺激作用，故A错误；选项B：\(\mathrm{N_2}\) 也是空气的主要成分之一，同样对呼吸道无刺激作用，故B错误；选项C：\(\mathrm{CO_2}\) 虽然在高浓度下有窒息作用，但通常对呼吸道无直接刺激作用，故C错误；选项D：\(\mathrm{NH_3}\) 是一种具有强烈刺激性气味的气体，对呼吸道有明显的刺激作用，故D正确。因此，正确答案为D。

## 最终答案：

\(\boxed{D}\)",0
129,129,绿	色食品和“白色污染”是指____,绿颜色的食品和白色建筑物,有叶绿素的食品和水泥厂排放的白色粉尘,安全无公害的营养食品和聚乙烯等白色塑料垃圾,经济附加值高的营养食品和治炼厂的白色烟尘,,,"## 解析：

绿色食品是指在无污染的条件下种植、养殖，施用有机肥料，不用高毒性、高残留农药，在标准环境、生产技术、卫生标准下加工生产，经权威机构认定并使用专门标志的安全、优质、营养类食品的统称。绿色食品分为A级和AA级两类。绿色食品标志为白底绿字，白为底色，绿为图案；绿色食品标志的图形由太阳、叶片和水构成，其中太阳、叶片和水为绿色，并排列成圆形，寓意为保护地球环境。A级绿色食品标志的图形为太阳、叶片和水构成的正圆形，颜色为绿色。AA级绿色食品标志的图形为太阳、叶片和水构成的椭圆形，颜色为绿色。绿色食品标志由“绿色食品”中文字体和图形组成。图形中心为绿色食品标志图形，外围的圆环为绿色，其上半部为太阳的图案，下半部为叶片的图案。绿色食品标志为绿色，表示为绿色食品，生产、加工产品符合绿色食品标准，为生产、加工企业使用。绿色食品标志为AA级绿色食品标志，表示该食品符合绿色食品标准中最高的标准。白色污染是指用聚乙烯等高分子化合物制成的各类生活塑料制品使用后被弃置成为固体废物，由于随意乱丢乱扔，难于降解处理，以致造成城市环境严重污染的现象。因此，正确答案是C。

## 最终答案：

\(\boxed{C}\)",0
130,130,三氯化磷分子的空间构型是三角锥形而不是平面正三角形，下列关于三氯化磷分子空间构型理由的叙述，不正确的是____,$PCl_3$分子中三个共价键的键长，键角都相等,$PCl_3$分子中的P-Cl键属于极性共价键,$PCl_3$分子中三个共价键键能，键角均相等,$PCl_3$是非极性分子,,,"## 解析：

$PCl_3$分子中三个P-Cl键完全相同，所以键长、键角都相等，故选项A正确；不同非金属元素之间形成极性共价键，则分子中P-Cl键是极性共价键，故选项B正确；$PCl_3$分子中三个P-Cl键完全相同，所以键能，键角均相等，故选项C正确；$PCl_3$分子中存在P-Cl极性键，且分子结构不对称，为极性分子，故选项D错误。本题考查了判断分子空间构型，键能、键长、键角的判断，题目难度不大，把握非极性分子的结构对称，正负电荷中心重合是解题的关键，侧重于考查学生的分析能力和应用能力。

## 最终答案：

\(\boxed{D}\)",0
131,131,在下列物质中，化学键类型相同的一组是____,"$CO_2$,$H_2O$","$NaCl$,$HCl$","$CCL_4$,$KCl$","$MgCl_2$,$SO_2$",,,"A
## 解析：

A、$CO_2$、$H_2O$均只含极性共价键，化学键类型相同，故A正确；B、$NaCl$中只含有离子键，$HCl$中只含有共价键，故B错误；C、$CCl_4$中只含有共价键，$KCl$中只含有离子键，故C错误；D、$MgCl_2$中只含有离子键，$SO_2$中只含有共价键，故D错误。

## 最终答案：

\(\boxed{A}\)",0
132,132,"下列物质中，在一定条件下能与二氧化硅反应的是____
①氢氟酸 ②浓硫酸 ③烧碱溶液 ④氧化钙 ⑤浓硝酸",①②,②③,①③④,全部,,,"## 解析：

二氧化硅与氢氟酸反应生成四氟化硅气体和水：\(\mathrm{SiO_2 + 4HF \rightarrow SiF_4 + 2H_2O}\)。二氧化硅与烧碱溶液反应生成硅酸钠：\(\mathrm{SiO_2 + 2NaOH \rightarrow Na_2SiO_3 + H_2O}\)。二氧化硅与氧化钙反应生成硅酸钙：\(\mathrm{SiO_2 + CaO \rightarrow CaSiO_3}\)。而二氧化硅与浓硫酸、浓硝酸不反应。因此，正确答案为C。

## 最终答案：

\(\boxed{\text{C}}\)",0
133,133,铝制品不宜长期盛放酸性食品和碱性食品是因为铝制品表层属于____,金属铝,碱性氧化物,酸性氧化物,两性氧化物,,,D,0
134,134,设$N_A$为阿伏加德罗常数。如果a g某气体含分子数为p，则b g该气体在标准状况下的体积为____,$\frac{22.4ap}{bN_A}$,$\frac{22.4ab}{pN_A}$,$\frac{22.4a}{bN_A}$,$\frac{22.4p b}{aN_A}$,,,"A

A 解析：ag某气体含分子数为p，则bg该气体含有的分子数为$\frac{bg}{ag}\times p=\frac{pb}{a}$，则bg该气体的物质的量为$\frac{pb}{a{{N}_{A}}}$mol，在标准状况下占有的体积为$\frac{22.4pb}{a{{N}_{A}}}$L，故答案选A。

考查以物质的量为中心的相关计算。",0
135,135,向一定量下列物质的溶液中逐滴加入氢氧化钠溶液，先生成白色沉淀，后沉淀 逐渐溶解。这种物质是____,硫酸镁,偏铝酸钠,氯化铝,氯化铁,,,"## 解析：

本题考查物质之间的反应，明确物质的性质是解本题关键，注意互异性导致现象不同，知道氢氧化铝能溶于强碱溶液，题目难度不大。  A.硫酸镁和氢氧化钠反应${Mg^{2+}+2OH^{-}=Mg(OH)_{2}↓}$，生成氢氧化镁白色沉淀，氢氧化镁不溶于氢氧化钠溶液，故A不符合题意； B.偏铝酸钠与氢氧化钠不反应，故B不符合题意； C.氯化铝和氢氧化钠反应${Al^{3+}+3OH^{-}=Al(OH)_{3}↓}$，生成氢氧化铝白色沉淀，氢氧化铝可与氢氧化钠反应${Al(OH)_{3}+OH^{-}=AlO_{2}^{-}+2H_{2}O}$，使氢氧化铝沉淀逐渐溶故C符合题意； D.氯化铁与氢氧化钠反应生成氢氧化铁红褐色沉淀，故D不符合题意。 故选C。

C

## 最终答案：

\(\boxed{C}\)",0
136,136,在实验室中，对下列实验、事故或药品的处理正确的是____,加热试管的试管口不能对着自己或别人,金属钠着火燃烧时，用泡沫灭火器灭火,少量浓硫酸沾在皮肤上，立即用氢氧化钠溶液冲洗,含硫酸的废液倒入水槽中，用水冲入下水道,,,"A
## 解析：

考查常见的基本实验操作。金属钠着火时，应该用沙土盖灭，因此选项B不正确；氢氧化钠溶液具有强腐蚀性，不能用来冲洗皮肤，应该用大量清水冲洗，因此选项C不正确；硫酸具有腐蚀性，不能直接倒入下水道中，应该用专门的废液处理装置处理，因此选项D不正确。综上所述，正确答案为A。

## 最终答案：

\(\boxed{A}\)",0
137,137,$BaCl_2$剧毒，致死量为0.3g，万一不慎误服，应大量吞服鸡蛋清及适量解毒剂，此解毒剂应是____,$AnNO_3$,$CuSO_4$,$Na_2CO_3$,$MgSO_4$,,,"## 解析：

$BaCl_2$ 属于重金属盐，能使人中毒。为了解毒，可以服用鸡蛋清以起到缓冲作用，从而保护身体组织。同时，需要服用适量的解毒剂以将重金属离子转化为不溶性化合物，使其失去毒性。根据这一原理，选项中的 $MgSO_4$ 是一种合适的解毒剂，因为它能与 $Ba^{2+}$ 反应生成不溶于水的 $BaSO_4$，从而减少 $Ba^{2+}$ 的毒性。因此，正确答案是 $MgSO_4$。

## 最终答案：

\(\boxed{D}\)",0
138,138,下列电离方程式书写正确的是____,$NaHS=Na^++H^++S^{2-}$,$H_3PO_4 \rightleftharpoons 3H^+ + PO_4^{3-}$,$CH_3COONH_4 \rightleftharpoons CH_3COO^-+NH_4^+$,$Ba(OH)2=Ba^{2+}+2OH^-$,,,"## 解析：

本题考查了离子方程式的书写判断，为高考的高频题，属于中等难度的试题，明确离子方程式的书写原则为关键，试题培养了学生的分析能力及规范答题能力。  A．NaHS为强电解质，完全电离，电离方程式为：NaHS=Na${{\,\!}^{+}}$+HS${{\,\!}^{-}}$，故A错误； B．磷酸为多元弱酸，分步电离，以第一步为主，电离方程式为：H$_{3}$PO$_{4}$⇌H${{\,\!}^{+}}$+H$_{2}$PO$_{4}$${{\,\!}^{-}}$，故B错误； C．醋酸铵为强电解质，完全电离，电离方程式为：CH$_{3}$COONH$_{4}$=CH$_{3}$COO${{\,\!}^{-}}$+NH$_{4}$${{\,\!}^{+}}$，故C错误； D．氢氧化钡为强电解质，完全电离，电离方程式为：Ba(OH)$_{2}$=Ba${{\,\!}^{2+}}$+2OH${{\,\!}^{-}}$，故D正确。 故选D。

D

## 最终答案：

\(\boxed{D}\)",0
139,139,"某透明溶液可能含有$NH_4^+、Fe^{2+}、Fe^{3+}、SO_4^{2-}、Cl^-、CO_3^{2-}$离子中的若干种。取该溶液进行如下实验(已知$Ag_2SO_4$微溶于水，可溶于酸)：
①向溶液中滴加过量的稀$Ba(OH)_2$溶液，生成白色沉淀，没有气体产生，过滤；
②向①所得的沉淀加热灼烧，最后得有色固体；
③向①所得的滤液，先用HNO3酸化，再滴加$AgNO_3$溶液，无白色沉淀生成。
下列推断正确的是____",一定没有$NH_4^+$和$Cl^-$,白色沉淀是$Fe(OH)_2$,第③步先用$HNO_3$酸化，是为了防止$SO_4^{2-}$和$CO_3^{2-}$的干扰,原溶液中的溶质可能是$(NH_4)_2Fe(SO_4)_2$,,,"## 解析：

本题考查了常见离子的检验方法，题目难度中等，注意掌握常见离子的性质及正确的检验方法，如：铁离子、亚铁离子、硫酸根离子、氯离子、铵根离子等，正确分析实验步骤及现象是本题的关键。根据题目中的实验步骤：

1. **实验步骤①**：向溶液中滴加过量的稀 \(\ce{Ba(OH)2}\) 溶液，生成白色沉淀，没有气体产生。说明溶液中一定含有 \(\ce{SO4^{2-}}\)，因为 \(\ce{Ba^{2+}}\) 与 \(\ce{SO4^{2-}}\) 反应生成不溶于水的 \(\ce{BaSO4}\) 沉淀。同时，由于没有气体产生，可以排除 \(\ce{CO3^{2-}}\) 的存在，因为 \(\ce{CO3^{2-}}\) 与 \(\ce{Ba^{2+}}\) 反应会生成 \(\ce{BaCO3}\) 沉淀，并释放 \(\ce{CO2}\) 气体。

2. **实验步骤②**：向①所得的沉淀加热灼烧，最后得有色固体。说明沉淀中有 \(\ce{Fe^{2+}}\) 或 \(\ce{Fe^{3+}}\) 存在。由于 \(\ce{Fe^{2+}}\) 在空气中加热会氧化成 \(\ce{Fe^{3+}}\)，因此可以确定原溶液中一定含有 \(\ce{Fe^{2+}}\) 或 \(\ce{Fe^{3+}}\) 中的一种。

3. **实验步骤③**：向①所得的滤液，先用 \(\ce{HNO3}\) 酸化，再滴加 \(\ce{AgNO3}\) 溶液，无白色沉淀生成。说明溶液中一定不含 \(\ce{Cl^-}\)，因为 \(\ce{Cl^-}\) 与 \(\ce{Ag^+}\) 反应会生成不溶于水的 \(\ce{AgCl}\) 沉淀。

综上所述，原溶液中一定含有 \(\ce{Fe^{2+}}\) 和 \(\ce{SO4^{2-}}\)，一定不含 \(\ce{Cl^-}\) 和 \(\ce{CO3^{2-}}\)，可能含有 \(\ce{NH4^+}\)。因此，原溶液中的溶质可能是 \(\ce{(NH4)2Fe(SO4)2}\)。

选项分析：
- **A.** 一定没有 \(\ce{NH4^+}\) 和 \(\ce{Cl^-}\)：错误，因为根据上述分析，溶液中一定不含 \(\ce{Cl^-}\)，但可能含有 \(\ce{NH4^+}\)。
- **B.** 白色沉淀是 \(\ce{Fe(OH)2}\)：错误，因为 \(\ce{Fe(OH)2}\) 沉淀在空气中会被氧化成 \(\ce{Fe(OH)3}\)。
- **C.** 第③步先用 \(\ce{HNO3}\) 酸化，是为了防止 \(\ce{SO4^{2-}}\) 和 \(\ce{CO3^{2-}}\) 的干扰：错误，因为 \(\ce{SO4^{2-}}\) 和 \(\ce{CO3^{2-}}\) 在实验中已经被排除。
- **D.** 原溶液中的溶质可能是 \(\ce{(NH4)2Fe(SO4)2}\)：正确，符合上述分析。

因此，正确答案是 **D**。

## 最终答案：

\(\boxed{D}\)",0
140,140,有0.4克铁的氧化物，用足量的CO在高温下将其还原，把生成的$CO_2$全部通入过量的澄清石灰水中，得到0.75克固体沉淀物，这种铁的氧化物质化学式是____,FeO,$Fe_2O_3$,$Fe_3O_4$,FeO 和  $Fe_2O_3$,,,"## 解析：

本题考查了复杂化学式的确定，利用原子守恒计算铁的氧化物中氧的物质的量是解本题关键，再根据物质的量之比等于原子个数之比，从而确定氧化物的化学式。  由题意知：0.75g为碳酸钙的质量，物质的量为：${n(CaCO_{3})= \dfrac {0.75g}{100g/mol}=0.0075mol}$， 所以${n(O)=n(CO_{2})=n(CaCO_{3})=0.0075mol}$， m(O)=0.0075mol×16g/mol=0.12g， m(Fe)=0.4g-0.12g=0.28g， ${n(Fe)= \dfrac {0.28g}{56g/mol}=0.005mol}$ 所以0.4克铁的氧化物中铁原子和氧原子的物质的量之比为n(Fe)：n(O)=0.005mol：0.0075mol=2：3， 所以该铁的氧化物为${Fe_{2}O_{3}}$。 故选B。

B

## 最终答案：

\(\boxed{B}\)",0
141,141,下列物质分子中，属于正四面体结构的是____,$CCl_4$,$CHCl_3$,$CH_2Cl_2$,$CH_3Cl$,,,"## 解析：

$CCl_4$ 分子中碳原子位于中心，四个氯原子位于四个顶点，形成正四面体结构，A 正确；$CHCl_3$ 分子中碳原子位于中心，三个氯原子和一个氢原子位于顶点，形成四面体结构，但不是正四面体结构，B 错误；$CH_2Cl_2$ 分子中碳原子位于中心，两个氯原子和两个氢原子位于顶点，形成四面体结构，但不是正四面体结构，C 错误；$CH_3Cl$ 分子中碳原子位于中心，三个氢原子和一个氯原子位于顶点，形成四面体结构，但不是正四面体结构，D 错误；答案选 A。

A

## 最终答案：

\(\boxed{A}\)",0
142,142,设$N_A$表示阿伏加德罗常数的值，下列说法正确的是____,标准状况下，1L $C_2H_5OH$完全燃烧后生成的$CO_2$分子个数约为$\frac{N_{A}}{11.2}$,20g $D_2O$与20g $H_2^{18}O$含有的中子数均为10$N_A$,$1mol·L^{-1}Al(NO_3)3$溶液中含有3$N_A$个$NO_3^-$,50 mL 12 $mol \cdot L^{-1}$盐酸与足量$MnO_2$共热，转移的电子数为0.3$N_A$,,,"## 解析：

A．标准状况下，$C_2H_5OH$为液体，无法计算1L $C_2H_5OH$完全燃烧后生成的$CO_2$分子个数，故A错误；B．$D_2O$与$H_2^{18}O$的摩尔质量均为20g/mol，且均含有10个中子，20g $D_2O$与20g $H_2^{18}O$的物质的量均为1mol，含有的中子数均为10$N_{A}$，故B正确；C．没有给定溶液的体积，无法计算$NO_3^-$的数目，故C错误；D．随着反应的进行，盐酸浓度逐渐降低，稀盐酸与$MnO_2$不反应，50 mL 12 $mol \cdot L^{-1}$盐酸与足量$MnO_2$共热，转移的电子数小于0.3$N_A$，故D错误。故答案为：B。

B

## 最终答案：

\(\boxed{B}\)",0
143,143,某同学通过系列实验探究镁及其化合物的性质，操作正确且能达到目的的是____,水加入浓硫酸中得到稀硫酸，置镁条于其中探究Mg的活泼性,将NaOH溶液缓慢滴入$MgSO_4$溶液中，观察$Mg(OH)_2$沉淀的生,将$Mg(OH)_2$浊液直接倒入已装好滤纸的漏斗中过滤，洗涤并收集沉淀,将镁蒸气在氮气中冷却得到镁粉,,,"B
## 解析：

A. 稀释浓硫酸时，应将浓硫酸缓慢加入水中，且边加边搅拌，若将水加入浓硫酸中，则可能导致液体飞溅，操作不当，因此选项A错误；
B. 将NaOH溶液缓慢滴入\(\text{MgSO}_4\)溶液中，可以观察到\(\text{Mg(OH)}_2\)沉淀的生成，这一操作正确，因此选项B正确；
C. 过滤操作时，应使用玻璃棒引导液体流过滤纸，直接将浊液倒入漏斗中过滤是不正确的，因此选项C错误；
D. 镁在氮气中加热时会与氮气反应生成氮化镁，因此将镁蒸气在氮气中冷却并不能得到镁粉，因此选项D错误。

## 最终答案：

\\(\boxed{B}\\)",0
144,144,下列实验操作能达到实验目的的是____,稀释浓硫酸时，应将水沿容器内壁慢慢加入浓硫酸中,用润湿的pH试纸测溶液的pH值，一定会引起误差,蒸发时将蒸发皿放置在铁架台的铁圈上，并加垫石棉网加热,石油的蒸馏实验中，忘记加沸石，可以先停止加热，待溶液冷却后加入沸石，再继续加热蒸馏,,,"## 解析：

A. 浓硫酸的密度比水大，稀释浓硫酸时，应将浓硫酸沿容器内壁慢慢加入水中，并不断搅拌，A项错误；B. 用润湿的pH试纸测溶液的pH值，若溶液呈中性，则不会引起误差，B项错误；C. 蒸发皿可以直接加热，不需要垫石棉网，C项错误；D. 石油的蒸馏实验中，忘记加沸石，可以先停止加热，待溶液冷却后加入沸石，再继续加热蒸馏，D项正确；故选D。

D

## 最终答案：

\(\boxed{D}\)",0
145,145,$N_A$为阿伏加德罗常数，关于a g亚硫酸钠晶体($Na_2SO_3 \cdot 7H_2O$)的说法中正确的是____,含$Na^+$数目为$\frac{a}{252}N_A$,含氧原子数目为$\frac{a}{63}N_A$,完全氧化$SO_3^{2-}$时转移电子数目为$\frac{a}{72}N_A$,含结晶水分子数目为$\frac{a}{36}N_A$,,,"## 解析：

A.$a\ \text{g}\ \text{Na}_2\text{SO}_3 \cdot 7\text{H}_2\text{O}$的物质的量为$\frac{a}{252}\ \text{mol}$，含$\text{Na}^+$数目为$\frac{a}{126}N_A$，故A错误；

B.$a\ \text{g}\ \text{Na}_2\text{SO}_3 \cdot 7\text{H}_2\text{O}$的物质的量为$\frac{a}{252}\ \text{mol}$，含氧原子数目为$\frac{a}{126}N_A$，故B错误；

C. 完全氧化$\text{SO}_3^{2-}$时转移电子数目为$\frac{a}{72}N_A$，故C正确；

D.$a\ \text{g}\ \text{Na}_2\text{SO}_3 \cdot 7\text{H}_2\text{O}$的物质的量为$\frac{a}{252}\ \text{mol}$，含结晶水分子数目为$\frac{a}{18}N_A$，故D错误。

本题考查了阿伏加德罗常数的分析应用，掌握基础是解题关键，题目难度不大。

## 最终答案：

\(\boxed{C}\)",0
146,146,"李时珍《本草纲目》“酸温，散解毒，下气消食……少饮和血行气……”。根据中医理论，蛔虫“得酸则伏”，吃醋可缓解蛔虫病带来的胃肠绞痛。下列物质中，在一定条件下能与醋酸发生反应的是____
①食盐 ②乙醇 ③氢氧化铜
④金属铝 ⑤氧化镁 ⑥碳酸钙",①③④⑤⑥,②③⑤⑥,①②④⑥,全部,,,"## 解析：

根据酸的通性，醋酸能与乙醇发生酯化反应，与氢氧化铜发生中和反应，与氧化镁、碳酸钙发生复分解反应，与金属铝反应生成氢气。因此，在一定条件下能与醋酸发生反应的是乙醇（\(\text{CH}_3\text{CH}_2\text{OH}\)）、氢氧化铜（\(\text{Cu(OH)}_2\)）、氧化镁（\(\text{MgO}\)）、碳酸钙（\(\text{CaCO}_3\)）和金属铝（\(\text{Al}\)）。故正确答案为B。

## 最终答案：

\\(\boxed{B}\\)",0
147,147,在一个2升的容器中盛入2.0 mol某气态反应物，2 s后该气态物还剩余1 .6 mol。2 s内它的反应速率为____,0.1 mol/(L·s),0.2 mol /(L·s),0.3 mol /(L·s),0.4 mol /(L·s),,,"## 解析：

反应速率为变化浓度与时间的比值，即 \(\frac{\Delta c}{\Delta t}\)。根据题目，气态反应物的初始浓度为 \(\frac{2.0 \, \text{mol}}{2 \, \text{L}} = 1.0 \, \text{mol/L}\)，2秒后反应物剩余 \(1.6 \, \text{mol}\)，所以浓度变化为 \(\frac{2.0 \, \text{mol} - 1.6 \, \text{mol}}{2 \, \text{L}} = 0.2 \, \text{mol/L}\)。因此，2秒内的反应速率为 \(\frac{0.2 \, \text{mol/L}}{2 \, \text{s}} = 0.1 \, \text{mol/(L·s)}\)。故选A。

## 最终答案：

\\(\\boxed{\\text{A}}\\)",0
148,148,$NO_2$被水吸收的过程中，发生了氧化还原反应$3NO_2+H_2O=2HNO_3+NO$，其中被氧化的N原子和被还原的N原子的物质的量之比是____,$3:1$,$1:3$,$1:2$,$2:1$,,,"## 解析：

在反应 \(3\text{NO}_2 + \text{H}_2\text{O} = 2\text{HNO}_3 + \text{NO}\) 中，只有氮元素的化合价发生变化，由 \(+4\) 价升高为 \(+5\) 价，由 \(+4\) 价降低为 \(+2\) 价。因此，\(\text{NO}_2\) 既是氧化剂也是还原剂。氧化剂对应的还原产物为 \(\text{NO}\)，物质的量为 \(1\text{mol}\)；还原剂对应的氧化产物为 \(\text{HNO}_3\)，物质的量为 \(2\text{mol}\)。因此，被氧化的氮原子和被还原的氮原子的物质的量之比是 \(2:1\)。

## 最终答案：

\\(\boxed{D}\\)",0
149,149,$N_A$为阿伏加德罗常数，下列说法正确的是____,18g氨基（$-NH_2$）中含有的电子数为10$N_A$,24g金属镁在空气中完全燃烧，转移电子数为2$N_A$,足量$MnO_2$和80 mL 10 $mol \cdot L^{-1}$浓盐酸共热可生成0.2$N_A$个$Cl_2$分子,电解精炼铜时，若转移了$N_A$个电子，则阳极质量减小32g,,,"## 解析：

A、18g氨基（\(-NH_2\)）的物质的量为1mol，而氨基不显电性，1mol氨基含9mol电子即9\(N_A\)个，故A错误；

B、镁在空气中燃烧后变为+2价，故24g镁即1mol镁燃烧后转移2\(N_A\)个电子，故B正确；

C、二氧化锰只能与浓盐酸反应，与稀盐酸不反应，故浓盐酸不能反应完全，则生成的氯气分子小于0.2\(N_A\)个，故C错误；

D、电解精炼铜时，阳极上放电的不止是铜，还有比铜活泼的金属，故当转移\(N_A\)个电子时，阳极上质量减少小于32g，故D错误。

## 最终答案：

\(\boxed{B}\)",0
150,150,物质的量相同的 $NH_3$ 和 $CH_4$ 两种气体，一定具有相同的____,体积,质量,原子个数,质子数,,,"## 解析：

本题考查物质的量的计算，为高频考点，侧重于学生的分析能力和计算能力的考查，注意把握物质的构成特点以及相关计算公式的运用以及适用范围，难度不大。

- A. 由$V=nV_m$可知，$V_m$未知，相同物质的量时体积不一定相等，故A错误；
- B. 由$m=nM$可知，$M$不同，则质量不同，故B错误；
- C. $NH_3$和$CH_4$均含有4个原子，则物质的量相同的$NH_3$和$CH_4$两种气体含有相同的原子数，故C正确；
- D. $NH_3$和$CH_4$两种气体，分别含有10个和10个质子，但物质的量相同时质子数不同，故D错误。

因此，正确答案是C。

## 最终答案：

\(\boxed{C}\)",0
151,151,下列各组物质中，互称为同位素的是____,$^{12}_{6}C$和$^{14}_{6}C$,氧气和臭氧,甲烷和乙烷,正丁烷和异丁烷,,,"## 解析：

同位素是指质子数相同但中子数不同的同种元素的不同核素，因此选项A中的 \( ^{12}_{6}\text{C} \) 和 \( ^{14}_{6}\text{C} \) 互为同位素。选项B中的氧气和臭氧互为同素异形体，选项C中的甲烷和乙烷以及选项D中的正丁烷和异丁烷都是同系物。因此，正确答案是A。

## 最终答案：

\(\boxed{\text{A}}\)",0
152,152,将$H_2$和$Br_2$充入恒容密闭容器，恒温下发生反应$H_2(g) + Br2(g) \rightleftharpoons 2HBr(g) \bigtriangleup H <0$。平衡时$Br_2$(g)的转化率为a；若初始条件相同，在绝热条件下进行上述反应（反应体系与），平衡时$Br_2$(g)的转化率为b。a与b的关系是____,a>b,a=b,a＜b,无法确定,,,"A
## 解析：

正反应是放热反应，在绝热条件下进行上述反应，容器内温度升高，平衡逆向移动，$Br_2$(g)的转化率减小，故a＞b；答案选A。

## 最终答案：

\(\boxed{A}\)",0
153,153,下列各组中，两者既不是同位素，也不是同分异构体，还不是同素异形体的是____,D和T,乙酸和甲酸甲酯,K和Ca,金刚石和石墨,,,"## 解析：

A. \( \text{D} \) 和 \( \text{T} \) 是氢元素的两种原子，互为同位素，故A错误；

B. 乙酸和甲酸甲酯的分子式相同，结构不同，互为同分异构体，故B错误；

C. \( \text{K} \) 和 \( \text{Ca} \) 不是同一元素，故C正确；

D. 金刚石和石墨是由碳元素形成的两种不同单质，互为同素异形体，故D错误。

## 最终答案：

\(\boxed{C}\)",0
154,154,下列说法不正确的是____,焦炭在高温下与水蒸气的反应是吸热反应,氢氧化钾与硝酸的反应是放热反应,燃料有足够的空气就能充分燃烧,化学反应的过程，都可以看成是“贮存”在物质内部的能量转化为热能等而被释放出来的过程,,,"## 解析：

本题考查化学反应中的能量变化、影响化学反应速率的因素，比较基础。选项A，焦炭在高温下与水蒸气的反应是吸热反应，故A正确；选项B，酸碱中和反应如 \(\text{KOH} + \text{HNO}_3 \rightarrow \text{KNO}_3 + \text{H}_2\text{O}\) 是放热反应，故B正确；选项C，燃料有足够的空气是充分燃烧的一个条件，但不是唯一条件，温度也要达到着火点，故C错误；选项D，化学反应的过程，都可以看成是“贮存”在物质内部的能量转化为热能等而被释放出来的过程，故D正确。因此，不正确的说法是C。

## 最终答案：

\(\boxed{C}\)",0
155,155,下列反应中属于吸热反应的是____,活泼金属与酸反应,制造水煤气,酸碱中和反应,镁条燃烧,,,"## 解析：

本题考查吸热反应与放热反应。活泼金属与酸反应、酸碱中和反应和镁条燃烧，都是放热反应；而制造水煤气的反应是吸热反应。因此，正确答案为B。

## 最终答案：

\(\boxed{B}\)",0
156,156,下列方法不能鉴别稀硫酸和浓硫酸的是____,加硫酸铜晶体，看蓝色是否变成白色,加金属铁，看有没有气体生成,加水，看是否放出大量的热,加氯化钡溶液，看是否出现白色沉淀,,,"## 解析：

浓硫酸具有强氧化性和脱水性，溶于水会放出大量的热，据此分析各选项：

- A. 浓硫酸具有脱水性，遇硫酸铜晶体 \(\text{CuSO}_4 \cdot 5\text{H}_2\text{O}\) 会使晶体变白色，而稀硫酸则不能，因此可以鉴别。
- B. 稀硫酸与铁反应生成氢气 \(\text{Fe} + \text{H}_2\text{SO}_4 \rightarrow \text{FeSO}_4 + \text{H}_2 \uparrow\)，而浓硫酸与铁发生钝化反应，没有明显现象，因此可以鉴别。
- C. 浓硫酸稀释时会放出大量的热，而稀硫酸稀释则无显著热量变化，因此可以鉴别。
- D. 浓硫酸和稀硫酸均能与氯化钡溶液反应生成白色沉淀 \(\text{BaSO}_4\)，因此无法通过此方法鉴别。

综上所述，正确答案为 D。

## 最终答案：

\(\boxed{D}\)",0
157,157,下列叙述不正确的是____,原子半径：H<Al<Mg<Na,热稳定性：HCl>$H_2S$>$PH_3$>$AsH_3$,P、S、Cl元素最高价氧化物对应的水化物酸性依次增强,N、O、F元素非金属性依次减弱,,,"## 解析：

A. 正确；B. 正确；C. 正确；D. N、O、F元素非金属性依次增强，错误。 考查元素周期律等相关知识。

D

## 最终答案：

\(\boxed{D}\)",0
158,158,下列说法正确的是____,RCOOH与$R^{\prime}OH$发生酯化反应时生成$ROOCR^{\prime}$,能与NaOH溶液反应，分子式为$C_2H_4O_2$的有机物一定是羧酸,甲酸乙酯、乙酸甲酯、丙酸互为同分异构体,甲醛与乙酸乙酯的最简式相同,,,"## 解析：

A、RCOOH与$R^{\prime}OH$发生酯化反应时生成$R^{\prime}COOR$，错误；B、能与NaOH溶液反应，分子式为$C_2H_4O_2$的有机物可能是羧酸，也可能是甲酸乙酯，错误；C、甲酸乙酯、乙酸甲酯、丙酸的分子式相同，结构不同，互为同分异构体，正确；D、甲醛与乙酸乙酯的最简式不同，前者为CH₂O，后者为C₂H₄O，错误。考查有机物的结构与性质。C

C

## 最终答案：

\(\boxed{C}\)",0
159,159,下列物质性质比较正确的是____,热稳定性:HF<HCl<$H_2S$,离子半径：$K^+$ > $Na^+$ > $Cl^-$ > $F^-$,酸性：$HClO_4$ > $H_2SO_4$ > $H_3PO_4$,沸点：$H_2S > H_2O $,,,"## 解析：

A. 同主族元素的原子从上到下，非金属性逐渐减弱，氢化物的稳定性逐渐减弱，由于非金属性 \(\text{F} > \text{Cl} > \text{S}\)，则热稳定性：\(\text{HF} > \text{HCl} > \text{H}_2\text{S}\)，故A错误；

B. 电子层越多，半径越大，电子层相同的，质子数越多，半径越小，$K^+$、$Cl^-$ 有 3 个电子层，$Na^+$、$F^-$ 都有 2 个电子层，则有离子半径：\(K^+ > Cl^- > Na^+ > F^-\)，故B错误；

C. 非金属性 \(\text{Cl} > \text{S} > \text{P}\)，元素的非金属性越强，对应的最高价氧化物的水化物的酸性越强，则酸性：\(\text{HClO}_4 > \text{H}_2\text{SO}_4 > \text{H}_3\text{PO}_4\)，故C正确；

D. \(H_2O\) 中含有氢键，沸点较高，故D错误。

## 最终答案：

\(\boxed{C}\)",0
160,160,下列关于食品添加剂的说法不正确的是____,亚硝酸钠可以致癌,我们应该禁止使用防腐剂,苯甲酸钠可以作雪碧饮料的防腐剂,绝大多数食品添加剂在过量使用时对人体有害的,,,"## 解析：

A. 亚硝酸钠（\(\text{NaNO}_2\)）是一种有咸味的工业用盐，对人体有毒害和致癌作用，故A正确；

B. 防腐剂的优点是能延长食品的保质期，禁止使用防腐剂负荷和实际，故B错误；

C. 苯甲酸钠是很常用的食品防腐剂，有防止变质发酸、延长保质期的效果，故C正确；

D. 绝大多数食品添加剂在过量使用时对人体有害，故D正确。

本题考查食品添加剂的使用，题目难度不大，注意绝大多数食品添加剂在过量使用时对人体有害。

## 最终答案：

\(\boxed{B}\)",0
161,161,能用离子方程式$H^++OH^-=H_20$表示的反应是____,醋酸和稀氨水反应,盐酸和烧碱溶液反应,硝酸和氢氧化铜反应,稀硫酸和氢氧化钡溶液反应,,,"B

## 解析：

本题考查离子反应方程式的书写，为高考常见题型，侧重学生思维严密性的考查，注意把握反应实质及离子反应的书写方法，题目难度不大。A. 醋酸为弱电解质，反应的离子方程式为：\(\ce{CH3COOH + NH3•H2O -> CH3COO^- + NH4^+ + H2O}\)，不能用\(\ce{H^+ + OH^- = H2O}\)表示，故A错误；B. 盐酸和烧碱溶液反应的离子方程式为：\(\ce{H^+ + OH^- = H2O}\)，故B正确；C. 氢氧化铜为沉淀，应保留化学式，反应的离子方程式为：\(\ce{Cu(OH)2 + 2H^+ = Cu^{2+} + 2H2O}\)，故C错误；D. 稀硫酸和氢氧化钡反应生成硫酸钡沉淀和水，反应的离子方程式为：\(\ce{Ba^{2+} + 2OH^- + 2H^+ + SO4^{2-} = BaSO4 v + 2H2O}\)，不能用\(\ce{H^+ + OH^- = H2O}\)表示，故D错误。因此，正确答案是B。

## 最终答案：

\(\boxed{B}\)",0
162,162,在反应$SiO_2 + 3C = SiC + 2CO$中，还原剂与氧化剂的质量比是____,$2:1$,$1:2$,$1:3$,$2:3$,,,"## 解析：

本题考查氧化还原反应的分析，难度不大。Si元素的化合价没有变化，C的化合价由0价降低到-4价，C的化合价由0价升高到+2价，则C既是氧化剂又是还原剂。还原剂与氧化剂的物质的量比为1：2，其质量比也为1：2，故B正确。 故选B。

B

## 最终答案：

\(\boxed{B}\)",0
163,163,用15mol/L $HNO_3$溶液配制500mL 1mol/L $HNO_3$溶液时，不需用到的仪器是____,分液漏斗,胶头滴管,烧杯,500mL容量瓶,,,"## 解析：

用15mol/L $HNO_3$溶液配制500mL 1mol/L $HNO_3$溶液的步骤为：计算、量取、稀释、冷却、移液、洗涤、定容、摇匀等。配制过程中使用的仪器有：量筒（15mL）、烧杯、玻璃棒、500mL容量瓶、胶头滴管等。因此，不需要用到的仪器是分液漏斗。故选项A正确。

## 最终答案：

\(\boxed{A}\)",0
164,164,关于二氧化硅，下列说法中不正确的是____,二氧化硅可用于制造光导纤维,二氧化硅不溶于水，也不能跟水反应生成酸,二氧化硅是一种酸性氧化物，它不跟任何酸发生反应,二氧化硅与二氧化碳在物理性质上差别很大,,,"## 解析：

A. 光导纤维的主要成分是二氧化硅，故A正确；

B. 二氧化硅虽不溶于水，也不能与水反应生成酸，故B正确；

C. 二氧化硅能与氢氟酸发生反应生成四氟化硅和水（\(\text{SiO}_2 + 4\text{HF} \rightarrow \text{SiF}_4 + 2\text{H}_2\text{O}\)），因此C选项不正确；

D. 二氧化硅与二氧化碳在物理性质上差别很大，如二氧化碳是气体，而二氧化硅是固体，故D正确。

本题主要考查了二氧化硅的性质和用途，需要学生熟练掌握，注意二氧化硅虽然不溶于水，但能与强碱溶液反应。

## 最终答案：

\(\boxed{\text{C}}\)",0
165,165,某微粒用$Z^AR^{n+}$表示，下列关于该微粒的叙述正确的是____,所含质子数=A-n,所含中子数=A-Z,所含电子数=Z+n,质子数=Z+A,,,"## 解析：

某微粒用\(_{Z}^{A}R^{n+}\)表示，可知质子数为 \(Z\)，核外电子数为 \(Z - n\)，质量数为 \(A\)，中子数为 \(A - Z\)。因此，选项B正确。本题考查原子结构和表示方法。

## 最终答案：

\(\boxed{B}\)",0
166,166,下列各组离子可以在溶液中大量共存的是____,"$Na^+,Ba^{2+},NO_3^-,SO_4^{2-}$","$NH_4^{+},K^+,Cl^-,OH^-$","$K^+,H^+,NO_3^-,HCO_3^-$","$K^+,Cu^{2+},Cl^-,SO_4^{2-}$",,,"D
## 解析：

本题考查离子共存的判断，为高考的高频题，题目难度中等，注意明确离子不能大量共存的一般情况：能发生复分解反应的离子之间；能发生氧化还原反应的离子之间；能发生络合反应的离子之间（如 \(Fe^{3+}\) 和 \(SCN^-\)）等；试题侧重对学生基础知识的训练和检验，有利于培养学生灵活运用基础知识解决实际问题的能力。

- A. \(Ba^{2+}\) 和 \(SO_4^{2-}\) 之间反应生成难溶物硫酸钡，在溶液中不能大量共存，故A错误；
- B. \(NH_4^+\) 和 \(OH^-\) 之间反应生成弱电解质一水合氨，在溶液中不能大量共存，故B错误；
- C. \(H^+\) 和 \(HCO_3^-\) 之间反应生成二氧化碳气体和水，在溶液中不能大量共存，故C错误；
- D. \(K^+\)、\(Cu^{2+}\)、\(Cl^-\)、\(SO_4^{2-}\) 之间不反应，在溶液中能够大量共存，故D正确。

## 最终答案：

\(\boxed{D}\)",0
167,167,石榴石是石榴石族矿物的总称，颜色随成分的不同而变化，其组成可以表示为$A_3B_2(SiO_4)_3$，式中A、B均为金属元素，则A、B对应的化合价依次是____,+2，+3,+3，+2,+2，+2,+3，+3,,,"## 解析：

本题旨在考查学生对化合价的应用。根据石榴石的化学式 \(\text{A}_3\text{B}_2(\text{SiO}_4)_3\)，由化合物中各元素的化合价代数和为0可知：\(3x + 2y + 3 \times (4 - 8) = 0\)，即 \(3x + 2y - 12 = 0\)，解得 \(3x + 2y = 12\)。根据选项，只有当 \(x = +3\)，\(y = +2\) 时，等式成立。因此，A、B对应的化合价依次是 \(\text{+3}\) 和 \(\text{+2}\)，故选项 B 符合题意。

## 最终答案：

\(\boxed{B}\)",0
168,168,下列物质敞口放置不会对空气造成污染的是：____,食盐,浓盐酸,苯,浓硝酸,,,"## 解析：

 食盐的主要成分是氯化钠，在空气中很稳定，对空气不会造成污染，A正确。浓盐酸易挥发，挥发出的氯化氢气体有毒，会对空气造成污染，B不正确。苯易挥发，有毒，会对空气造成污染，C不正确。浓硝酸易挥发，挥发出的硝酸有强氧化性，对空气会造成污染，D不正确。答案选A。

A

## 最终答案：

\(\boxed{A}\)",0
169,169,X、Y、Z是同周期的三种元素，已知其最高价氧化物对应的水化物的酸性由强到弱的顺序是$HXO_4>H_2YO_4>H_3ZO_4$，则下列说法正确的是____,原子半径：X>Y>Z,元素的非金属性：X>Y>Z,气态氢化物稳定性：X＜Y＜Z,原子序数：Z>Y>X,,,"## 解析：

同周期元素从左到右，原子半径逐渐减小，非金属性逐渐增强，最高价氧化物对应的水化物的酸性逐渐增强，氢化物的稳定性逐渐增强。根据题目中最高价氧化物对应的水化物的酸性由强到弱的顺序是 \(\text{HXO}_4 > \text{H}_2\text{YO}_4 > \text{H}_3\text{ZO}_4\)，可以推断出非金属性 \(X > Y > Z\)，因此选项 B 正确。根据原子结构和元素周期律的递变规律，可以判断出选项 A、C 和 D 均不正确。

## 最终答案：

\\(\boxed{\text{B}}\\)",0
170,170,下列关于浓硫酸的叙述正确的是____,浓硫酸具有吸水性，因而能使蔗糖炭化,浓硫酸在常温下可迅速与铜片反应放出二氧化硫气体,浓硫酸是一种干燥剂，能够干燥氨气、氢气等气体,浓硫酸在常温下能够使铁、铝等金属钝化,,,"## 解析：

浓硫酸使蔗糖炭化是利用其脱水性，故选项A错误；浓硫酸在加热条件下可与铜片反应放出二氧化硫气体，故选项B错误；浓硫酸能与氨气反应生成硫酸铵，因此不能作为氨气的干燥剂，故选项C错误；浓硫酸在常温下可以使铁、铝等金属钝化，形成一层致密的氧化膜，阻止内部金属进一步反应，故选项D正确。

## 最终答案：

\(\boxed{D}\)",0
171,171,Al与$Na_2O_2$的混合物溶于足量的水中，得到澄清溶液，同时产生气体3.5g，在所得溶液与100mL $7mol \cdot L^-1$盐酸作用过程中，白色沉淀生成后又恰好溶解，则原Al与$Na_2O_2$的物质的量之比为：____,$2︰1$,$1︰2$,$11︰2$,$2︰11$,,,"## 解析：

本题考查混合物的计算，题目难度较大，关键在于判断反应的程度，通过利用守恒法进行计算，侧重考查学生的分析计算能力。

盐酸恰好使生成的氢氧化铝溶解时，溶液中的溶质为 \(\text{NaCl}\) 和 \(\text{AlCl}_3\)。根据氯离子守恒，有 \(n(\text{NaCl}) = n(\text{Na}^+) = n(\text{HCl}) - n(\text{Al}^{3+}) = 0.1\, \text{L} \times 7\, \text{mol} \cdot \text{L}^{-1} - 0.1\, \text{mol} = 0.6\, \text{mol}\)。根据钠离子守恒，有 \(n(\text{Na}_2\text{O}_2) = 0.5 \times n(\text{NaCl}) = 0.3\, \text{mol}\)。

设 \(\text{Al}\) 与 \(\text{Na}_2\text{O}_2\) 的物质的量分别为 \(x\, \text{mol}\) 和 \(y\, \text{mol}\)，则有以下反应：

\[
2\text{Na}_2\text{O}_2 + 2\text{H}_2\text{O} \rightarrow 4\text{NaOH} + \text{O}_2 \uparrow
\]

\[
2\text{Al} + 2\text{NaOH} + 2\text{H}_2\text{O} \rightarrow 2\text{NaAlO}_2 + 3\text{H}_2 \uparrow
\]

\[
\text{Al}^{3+} + 3\text{AlO}_2^- + 6\text{H}_2\text{O} \rightarrow 4\text{Al(OH)}_3 \downarrow
\]

\[
\text{NaAlO}_2 + \text{HCl} + \text{H}_2\text{O} \rightarrow \text{Al(OH)}_3 \downarrow + \text{NaCl}
\]

\[
\text{Al(OH)}_3 + 3\text{HCl} \rightarrow \text{AlCl}_3 + 3\text{H}_2\text{O}
\]

根据上述反应，可得方程组：

\[
\begin{cases}
2y = x + 0.3 \\
y = 0.1
\end{cases}
\]

解得 \(x = 0.11\, \text{mol}\)，因此 \(n(\text{Al}) : n(\text{Na}_2\text{O}_2) = 0.11 : 0.3 = 11 : 30\)。经过检验，符合题意，因此原 \(\text{Al}\) 与 \(\text{Na}_2\text{O}_2\) 的物质的量之比为 \(11 : 2\)。故选C。

## 最终答案：

\(\boxed{C}\)",0
